2.48374
2.6392
3.08857
3.44474
2.25479
2.52252
2.16339
2.3893
1.88371
2.67678
2.27332
2.4848
2.82106
2.55473
2.11438
2.34245
3.33493
3.47998
2.21715
3.359
2.49857
2.74735
3.15118
3.19979
2.74281
3.44577
2.08683
3.08209
3.17758
2.23155
2.10581
2.52446
2.47822
2.46319
2.26344
2.86035
3.168
2.99763
2.81514
1.99397
3.00119
2.22131
3.08559
2.7675
2.09806
2.21293
2.0728
2.21763
2.16685
3.1113
2.78501
2.72688
2.00296
2.96127
2.80538
2.29545
2.8179
2.60119
3.20003
2.86198
3.02075
2.05842
2.60503
2.33056
2.76604
1.87314
1.9102
2.44866
2.49823
2.79603
2.45874
2.24519
2.84128
2.31975
1.97332
2.38747
3.11228
2.24075
2.47322
2.28618
3.88621
3.07843
2.10931
3.01997
2.41755
3.04296
2.94299
2.58057
2.71418
2.63566
2.65979
3.13943
3.3531
2.10962
1.74552
1.85986
1.87697
1.9881
2.77257
3.09302
1.74444
1.92882
1.47452
3.0786
2.77994
1.86786
2.86263
3.23339
2.53229
2.75364
2.89834
2.34309
2.59805
2.9335
2.34906
2.49611
1.90164
2.74809
1.73504
2.53684
2.02743
2.62606
1.87364
3.26274
2.29356
2.84013
2.85869
3.08389
2.69409
2.29007
2.20587
2.58602
2.67432
2.04722
2.59602
2.46349
2.27936
3.16853
2.97412
2.55977
2.62335
2.06957
2.06377
2.01565
2.62157
2.2703
2.90237
2.13339
3.05547
2.40359
3.68945
1.90381
3.4061
3.93785
2.10805
3.44791
2.04523
2.08156
2.32897
1.96536
3.17588
2.36664
2.45195
3.84489
2.05486
3.6438
2.51082
2.3674
2.49462
2.42026
2.67766
2.66495
3.73946
2.15902
2.3492
2.29548
3.20379
2.65623
2.04405
2.19096
3.01918
2.33233
2.16261
2.63769
2.49857
3.19015
2.23965
1.47926
3.11079
2.51701
3.45559
2.71153
2.48086
3.09866
2.29007
2.94319
2.63559
2.00703
2.20794
2.69681
2.52271
2.22521
3.56681
2.34233
2.32347
4.00903
2.47214
2.04524
2.50167
2.75426
2.64845
3.45767
2.83854
1.93068
2.83283
2.97015
2.24327
2.46139
2.65936
2.54174
2.13648
2.75164
1.90037
2.55873
2.76435
2.49522
2.64411
2.71605
2.87698
2.33917
2.58497
2.15721
2.74828
3.18174
4.03933
3.1259
2.87058
1.95898
1.85179
2.82944
2.55152
1.95626
2.90631
4.40785
2.42781
3.13237
2.83359
2.69337
2.85022
2.87592
2.8086
1.91025
2.74676
1.97998
1.90703
2.00624
2.85546
2.09625
2.13185
2.72772
2.08594
1.71088
3.0709
2.14121
3.2663
2.59232
3.56529
2.30463
2.22626
2.58994
3.55106
2.23366
2.38578
2.70017
2.84097
2.36291
2.25985
2.01966
3.42471
2.48354
2.13428
2.49236
2.22972
3.61794
2.87325
2.43461
2.75491
2.59863
3.31497
2.92922
2.40204
2.47213
2.66568
4.07968
2.2208
2.53724
1.97294
2.5551
2.43032
2.95978
2.64929
2.04746
2.68259
2.31666
2.84023
2.7083
2.49228
3.09836
2.90441
1.86975
2.69739
3.03616
3.47959
2.06991
2.43487
2.67042
2.60514
3.35139
2.76525
2.14873
2.01677
2.34806
2.01111
3.01572
2.38162
2.81423
2.90926
2.92812
3.3301
2.15624
2.4064
2.76489
2.47177
2.47479
3.10912
2.2569
2.40143
2.00757
3.02803
2.76801
2.91421
2.57529
2.61719
2.90774
2.19889
2.80073
2.16557
2.18386
2.5747
2.50399
2.58855
2.72866
2.14081
2.74157
2.71798
3.03201
1.71856
2.15398
2.32801
3.16562
3.80113
2.64068
1.90959
2.34325
2.23544
2.64198
2.90861
2.91735
2.60984
3.26438
2.51641
2.10772
2.02116
2.21905
2.87552
1.51193
1.90361
2.26129
1.90242
2.85653
2.36958
2.46153
1.84494
3.0811
2.61659
2.4088
2.45734
2.51923
3.61057
3.38805
2.27207
2.0126
1.93723
2.39254
2.20357
2.44833
2.50628
2.28282
1.89593
2.17781
2.76286
2.9488
3.24797
2.06174
2.94844
2.05971
2.38019
2.62439
1.81839
2.04325
2.20464
1.74913
2.82293
2.67334
2.11867
2.02497
2.41197
3.55437
3.6289
3.61571
2.07842
2.32861
1.94015
2.36811
4.29952
2.69357
2.70223
2.27552
1.87698
2.37275
3.76046
2.35775
2.25408
2.19048
2.38203
1.87634
2.20408
1.9061
2.04532
2.28285
1.95094
2.65053
2.80134
2.65696
1.52168
2.75671
2.14601
2.35497
1.99037
2.14667
2.6114
2.31012
2.74692
2.44534
2.55828
2.06521
2.96742
2.67168
2.1265
3.04967
2.9437
2.66996
4.2123
2.98916
2.66545
2.25094
2.19921
2.87536
1.58895
2.67968
2.37586
1.86616
1.95277
1.88385
2.10977
2.98374
2.96396
3.57726
2.52935
3.07803
2.47417
2.32636
2.39283
3.24017
2.63644
2.01031
3.37056
2.53387
2.47348
3.26722
2.00636
3.31939
2.07383
3.02103
2.87566
2.85805
2.04868
2.77402
2.68123
3.40449
2.17838
2.18132
2.929
2.93409
3.29396
2.61851
2.3561
2.21952
3.46132
2.16285
2.54101
3.39062
2.86525
2.57224
2.25566
2.13036
2.68946
1.84443
2.4226
2.65422
2.25105
3.69254
2.53228
2.9397
2.60506
3.02417
2.5209
3.48938
2.31088
1.80056
2.77485
3.25183
2.8965
1.95687
2.87534
2.69585
2.24752
3.3061
1.93227
2.41844
2.40158
3.04257
2.70827
2.351
2.43679
2.06976
2.36217
1.72087
3.02725
2.45909
1.97913
2.94387
2.32978
2.72099
2.69286
2.53254
2.82066
3.39453
3.39731
2.00665
2.18406
3.91578
1.94438
2.28242
3.02799
2.45775
3.40528
2.09312
2.70658
2.46466
1.67168
1.59026
1.97022
1.86489
2.06773
2.83069
2.69803
2.38372
2.90965
2.89889
2.63826
2.55703
2.71519
2.22486
2.17631
2.86945
2.3313
2.16855
2.91319
2.58251
2.70257
2.20741
2.2011
2.58774
3.5823
2.67811
2.01199
2.03602
2.6162
2.88059
2.38282
2.18128
3.25387
4.183
2.69186
1.82253
3.55159
2.27846
2.56204
2.20319
2.4484
3.68377
1.98567
2.29541
3.0791
2.51871
3.24885
2.49119
2.81651
2.87908
1.89673
2.15972
2.42726
2.61956
2.25689
2.02926
2.37729
3.11931
2.54955
2.85304
3.58354
2.42197
2.3094
2.36175
2.9404
2.2469
2.40133
3.18614
2.86915
3.24908
2.59171
2.74197
3.32683
2.39386
2.18647
2.58682
2.10733
2.37784
2.58789
2.15566
2.45181
3.35536
1.84758
3.15504
2.35185
2.60138
3.36518
1.77307
2.6279
2.6196
3.15202
3.06984
2.57876
2.58557
3.62171
2.85751
2.45528
2.45689
2.71269
2.5011
3.84471
4.08218
2.68608
3.02485
1.634
2.26128
2.79112
2.40568
2.43043
3.00344
3.18054
2.8989
3.15401
2.84245
1.99594
1.74797
2.93197
2.60925
2.81129
2.70238
2.27495
2.13871
3.52473
2.20815
2.05379
1.97979
3.20792
2.89123
2.28071
2.7992
2.66694
1.86759
2.25389
2.95808
2.18007
2.28398
3.48132
2.46003
2.47039
2.34646
2.44907
2.14699
2.06932
2.38807
2.15085
2.39722
3.75318
3.24009
2.42952
2.09956
2.51144
1.77901
2.12463
3.11638
2.15926
3.33234
2.93871
2.2917
2.31172
2.51357
2.62408
2.07491
2.27903
2.36927
1.95913
2.28661
2.11762
2.72999
2.77869
2.24268
2.27594
2.18294
2.99212
3.01439
1.89682
2.57323
2.12212
2.56173
2.93854
2.62369
2.92973
3.56883
1.96309
2.51903
2.60324
3.56646
1.9451
2.19156
2.98025
2.39701
2.12767
2.46924
2.1277
2.877
2.54924
2.86736
2.35993
2.49681
2.39604
3.2874
2.37711
2.9263
2.68858
2.37947
3.53
2.78179
2.59164
2.81449
2.35349
2.91824
2.27131
2.34183
2.28707
2.85585
2.18049
2.70742
2.45788
2.7585
2.71392
2.4991
2.39371
2.33684
3.43671
2.13833
1.84857
2.81509
2.72188
1.97294
2.0288
3.0008
3.29503
2.54868
2.36793
2.79161
2.91061
2.43779
1.85452
2.14721
2.65329
2.77704
3.27784
3.00738
3.67233
2.27784
2.38686
2.48778
1.85082
3.29209
2.21329
2.84252
2.02308
2.56839
1.93095
2.15434
2.355
2.05613
3.43944
2.15206
1.95854
2.77165
2.23083
2.13069
2.66192
2.58966
3.43199
2.58711
3.28593
2.07582
2.37928
3.26469
2.61674
2.93734
1.49388
2.3273
2.75823
2.58546
3.3728
1.80028
4.10537
2.14336
2.98744
2.17875
2.96521
4.0545
3.0631
2.7096
2.01525
2.52102
2.06283
2.2034
2.59596
2.34381
2.67104
2.53291
2.8626
1.94651
2.43487
2.34806
2.5539
2.6393
2.06423
2.28265
2.16916
2.07949
2.58946
4.19012
1.59453
3.18206
2.23664
2.78859
2.33525
2.45669
2.19444
2.77984
2.4782
3.40602
1.95161
2.7393
2.34073
2.98479
2.56963
1.96704
2.5872
2.27167
2.72225
2.88373
2.14737
2.10137
2.6903
2.13535
2.56203
2.07701
2.01678
2.79343
3.35842
2.98385
1.9462
2.26946
1.76126
3.53018
2.52363
3.7012
2.84985
2.03168
2.86453
2.61026
2.08079
2.04256
1.65427
3.28234
2.49845
2.74816
2.44569
3.16562
2.13828
2.68305
2.77379
1.95052
2.92733
2.99588
3.09536
2.69232
2.79374
2.13568
3.45779
2.63567
2.43601
2.17506
1.94366
2.09176
2.592
2.77894
2.20524
2.31847
2.66451
2.54603
2.69823
3.31554
2.94283
2.7076
2.62761
2.61306
2.44782
2.07683
3.53659
1.79908
3.38812
3.14053
2.89508
2.39788
2.2229
2.15858
2.5101
2.46682
2.379
2.09221
2.60973
2.81378
2.80144
2.31106
2.93015
2.11067
2.94009
2.54458
2.98835
3.41126
2.44604
2.28992
2.48989
2.45258
2.23026
3.16737
2.01991
2.3511
3.49873
2.27575
1.67721
2.3271
3.6926
3.14565
2.87884
3.48203
2.776
2.84642
2.78903
1.85363
2.13901
2.43125
2.75811
2.15786
1.96023
3.31968
2.89116
3.3496
2.60241
2.74147
2.00551
2.08751
3.14929
2.2171
1.94513
2.91356
2.58126
1.81933
1.72853
2.69905
2.35174
2.01027
1.93877
3.0363
2.02873
2.49402
2.0305
2.52875
2.56578
2.06454
3.33446
2.10999
3.07926
1.92808
2.26287
2.48845
1.96066
2.64307
1.87851
2.56105
2.59926
2.47178
3.2403
1.64334
2.95289
2.31155
2.40382
3.17678
2.96765
3.43458
2.11518
2.36109
1.67619
2.20922
2.39577
2.97884
1.77184
2.0494
2.59148
2.51267
2.14928
2.50477
3.03523
2.35771
2.23716
2.13413
2.08284
3.4298
2.51803
2.00762
2.56482
2.65129
2.75872
2.68941
2.86834
2.73178
2.2487
2.6747
3.01649
2.13635
2.922
1.87807
2.16024
3.04421
2.73346
2.53657
1.98576
2.51863
1.84021
2.42261
2.52093
2.49412
2.84114
2.82477
2.76276
1.8463
2.15195
1.90838
3.64263
2.09841
2.50005
2.45271
2.90174
3.48901
2.43973
2.2333
2.90532
2.8498
2.34525
1.85068
3.7711
2.72942
3.09379
2.92676
2.22089
2.33978
3.40435
2.95258
2.83645
2.93238
2.43591
2.51955
3.08907
2.03577
2.48711
2.22958
1.80403
2.0725
2.14536
3.60643
2.91857
2.53089
2.70526
3.07185
1.84316
2.49552
2.45731
1.65593
3.40605
1.9975
1.83214
1.79602
2.96903
3.03979
2.19191
2.39281
1.90108
2.48313
2.02797
3.03406
2.67987
2.1842
3.18339
2.82947
2.06698
2.53917
2.20849
2.39712
1.98037
2.20599
3.22185
2.42369
3.02688
2.22554
2.06832
3.38057
2.92953
3.88483
2.49498
2.84529
2.60629
3.56086
2.47759
3.1801
4.0597
2.81534
2.56378
2.26587
1.97526
2.49415
2.40139
2.543
2.09575
3.16953
3.99377
2.23702
1.55895
2.20065
2.79058
2.01989
2.50702
2.38128
2.94178
2.52342
2.11402
2.18058
2.66405
1.86268
2.31584
1.99754
2.71166
2.378
2.26384
1.70371
2.99708
2.87996
2.37019
2.70485
1.77991
2.91512
2.50044
1.80159
3.98026
2.39
2.12779
2.70967
2.6205
2.22288
2.957
2.56372
3.06733
2.54733
2.54326
2.83488
3.18607
2.36485
2.60962
2.66315
2.24364
2.58231
2.75632
1.89224
3.01046
2.09186
3.46186
4.10142
2.5891
2.25383
2.87705
2.46279
1.57022
2.15223
2.84962
3.4733
1.93426
2.05972
2.40165
3.20981
2.65917
2.66021
2.27418
2.89042
1.89561
3.13989
1.94972
3.12661
2.22457
1.84286
2.75318
2.22655
2.74098
2.00829
3.59887
2.50311
2.25163
2.80054
3.1609
2.36134
2.53406
2.07687
1.95005
2.79974
2.51678
2.42146
2.16637
2.58105
3.2832
3.41305
3.01198
2.53505
2.59103
2.83931
2.63821
2.53625
3.21875
1.81113
2.60732
2.8069
2.07592
2.83024
2.77726
2.76494
2.61097
2.01853
2.78989
2.10761
2.21842
2.41666
2.75896
2.22823
2.02642
2.42394
3.18648
2.44228
2.43711
2.89475
2.82375
3.03729
2.93717
2.25531
3.60322
2.92601
3.19147
2.96338
1.7541
2.78447
1.96614
2.7123
2.75611
2.48879
2.51104
2.78407
1.74805
2.38054
3.04213
2.03929
2.22871
2.91885
1.85204
2.65061
2.8711
1.64532
1.72509
2.80087
2.54657
2.71871
3.39379
2.30129
3.64256
3.12165
3.05672
2.97294
2.32065
3.3712
2.70362
2.11888
2.90507
2.44304
1.64586
2.92536
2.79912
2.44048
2.59249
2.30378
2.0481
2.89343
2.00367
2.7073
2.46923
2.04636
3.60069
2.18952
2.83053
2.17126
2.81968
3.25313
2.75714
2.72866
2.28699
2.18647
2.75953
2.26264
3.39062
2.59313
2.33042
2.33293
4.03883
3.07163
1.68148
3.47723
2.18532
3.38507
2.08286
3.00034
2.16853
2.40052
2.30057
2.31851
2.84836
2.65518
2.28947
2.13841
2.54013
2.26214
3.11027
2.28251
2.89513
2.71549
2.01993
2.82419
2.7537
2.23737
3.16334
2.8872
2.62683
2.00499
2.69272
2.55965
2.18723
2.53809
2.56673
2.43032
2.44502
2.43099
3.02977
2.26093
2.65618
2.35616
2.22273
2.20436
3.06893
2.80728
2.40662
2.14509
2.63357
2.31357
2.15012
2.27143
3.45894
2.65081
2.2096
3.62642
2.31959
3.45377
2.3023
2.15309
2.9253
2.18136
1.81693
2.46815
2.19367
3.17277
2.92961
2.8495
2.11566
2.87344
3.53647
2.19602
1.87665
1.80422
1.73515
3.10377
2.09327
2.44298
3.44104
2.59043
2.36912
2.33551
2.44345
2.07876
2.28157
2.54875
2.20194
2.34542
2.23254
2.42818
2.98672
2.85312
3.40678
2.13209
2.26494
3.32309
2.14807
1.73051
2.11828
2.73494
1.83156
3.00344
2.69701
1.9696
2.51702
2.89041
2.76318
2.87759
2.88567
2.46632
3.41201
2.45855
2.73758
2.97865
2.90763
3.37941
2.6062
2.30559
2.39222
3.1791
2.0925
3.30026
4.08961
2.42239
2.4019
2.69501
2.14049
2.27412
2.82721
2.02544
2.81634
2.24729
2.3062
2.13161
2.56656
3.52287
2.4956
2.81461
2.12035
2.06914
2.20753
2.46161
3.22936
2.79378
2.59258
3.18006
2.32005
2.65531
1.89345
2.29406
4.48568
1.79826
2.88831
3.37217
1.77925
1.86554
2.87957
1.59939
3.09093
2.31535
2.30996
2.70324
1.83638
2.64666
2.8277
2.33423
2.79505
2.28247
1.96433
2.83772
2.42335
2.62656
1.95009
1.52018
2.74464
2.28805
2.49281
3.88326
3.36688
3.29049
3.15867
2.6515
2.69167
3.16215
2.55569
2.02353
2.38176
2.10327
2.10821
2.2149
3.71636
1.99186
2.55887
2.78411
1.93347
2.95213
2.42076
2.7615
2.48677
3.3247
2.02193
2.37242
2.45481
3.23977
2.92333
2.51644
3.29668
2.47601
3.25517
2.44539
1.92346
2.31032
2.85666
2.30366
2.38653
2.10483
2.337
1.75486
2.50199
2.5016
2.72804
2.33698
2.78056
2.30525
2.11676
2.90204
2.31065
2.67162
3.17315
2.88037
2.05987
2.34497
2.20936
3.02489
2.49153
2.48916
2.29877
2.94456
2.07323
1.70596
2.3401
2.07966
2.27011
2.9995
2.69876
2.38654
2.28053
2.04549
2.95491
2.11069
3.41687
1.91563
2.97672
2.84716
2.20735
3.69078
1.81007
2.34259
2.32925
2.8932
2.57457
2.79415
2.79555
2.501
2.98064
3.36933
2.89094
2.07374
4.01854
2.06271
1.99502
2.53437
3.32911
2.89518
2.77901
2.46439
2.04033
2.92958
2.84944
2.62195
2.74614
2.75172
1.63393
2.44649
2.52495
2.88402
2.69198
2.56984
2.55173
2.54618
3.37452
3.08667
2.05133
2.97571
2.57876
2.40757
2.52691
2.29995
2.86674
3.01313
2.31933
3.65808
2.29917
3.31298
2.8117
2.17689
2.20795
4.07919
2.17798
1.686
2.81171
1.97726
2.30393
3.52224
2.68544
2.88447
2.56183
3.07277
2.06709
1.77344
1.79424
2.86078
1.56958
2.76864
2.11788
2.81483
2.32537
3.04102
2.40616
2.15317
3.18979
3.32239
2.20934
2.03552
2.43284
2.92541
1.8776
2.39969
1.98884
2.60293
2.0206
2.48065
2.73925
2.07768
2.13023
2.25537
1.97392
3.22675
2.94651
2.2526
2.66463
2.57989
2.38701
2.11986
3.08455
2.42109
2.35742
1.83196
2.00537
1.6462
2.42015
2.68659
3.48629
1.96204
2.1424
2.90788
1.96456
2.533
2.36916
2.34443
2.83309
2.10396
2.41281
2.51227
2.88892
2.71935
2.16416
2.71851
2.74929
2.34827
2.70167
2.15799
2.72627
2.60455
2.53906
2.59223
2.86149
4.11223
3.11447
2.04719
2.84166
2.52082
2.18078
2.60079
2.63057
2.43035
2.96333
2.75766
2.70533
3.3116
3.21738
2.3082
3.00057
2.98971
2.26061
2.21714
2.96437
2.82216
2.13419
2.6855
1.8577
2.23703
2.66568
2.63401
2.80032
2.79719
2.43329
2.81393
2.73725
2.69701
2.16233
2.26882
2.12642
4.17464
3.48539
3.17895
3.13087
2.00207
2.56422
2.01057
2.27102
2.85962
1.78325
2.63792
2.27109
3.15218
2.11902
2.16167
1.98947
3.45936
2.92838
2.93255
2.62848
2.15733
4.08446
2.20247
2.83378
2.64011
2.3351
2.63844
2.37885
1.92405
2.51124
2.92092
2.665
1.60576
3.00293
2.21701
2.8258
2.7896
2.21578
2.57902
2.68446
1.56631
1.93709
2.44085
2.38879
2.36151
4.28597
2.4054
1.80989
2.12732
3.58593
3.07603
2.4109
2.22404
2.83651
2.22083
3.58584
2.54519
2.21321
2.73819
2.71827
1.99383
3.21143
3.00545
2.62754
2.10499
2.29999
2.79713
2.67145
2.47686
1.9145
2.52003
2.01811
2.08558
2.7854
2.31708
3.13742
2.53245
1.54867
2.14413
2.16657
3.26091
3.05336
2.65946
2.38381
2.28088
3.26841
3.11538
2.03391
2.60616
2.46669
2.04845
2.85474
2.86803
2.24707
2.16905
2.93315
2.74318
2.79892
3.12911
1.639
2.53424
2.51328
2.55496
2.18526
2.17207
2.15405
1.93929
2.08694
2.77945
2.60585
2.52931
2.74838
2.60029
1.93248
2.58688
3.00129
2.72853
2.44719
2.83129
2.82124
3.20226
2.46667
3.40945
2.56481
2.70482
1.88472
2.64264
1.88724
3.15605
2.18216
2.2742
2.40168
3.00508
2.12235
2.02667
2.36434
2.23207
2.42734
2.00361
2.27691
3.74847
3.0684
2.86574
2.46674
2.57704
2.52358
2.95138
2.81726
1.90228
2.83298
2.65894
2.69915
3.3555
2.99239
2.64911
2.50971
3.68132
2.80319
2.56943
3.01553
2.42971
1.54388
3.44424
3.50586
2.0607
2.98725
2.57091
2.36888
2.47662
2.25123
3.54343
2.88632
2.34772
3.81741
2.39344
2.76449
2.37596
2.32444
1.92543
1.81433
2.71377
2.58204
2.56602
3.25035
2.39671
3.6719
2.91648
2.18703
2.28694
3.56765
3.40867
2.84991
1.8692
2.24675
2.60629
2.54901
2.02969
3.1504
2.20693
2.44864
2.61638
3.35313
2.03981
3.9209
1.76679
3.35161
2.64465
2.23719
2.70676
2.71549
1.66444
2.06336
2.917
2.06709
3.85551
2.5897
2.11522
2.58256
2.92073
3.55959
2.78772
2.79647
2.42861
2.09948
2.20845
2.63604
2.3447
2.4226
2.67568
2.05272
2.45891
3.14526
3.02449
2.12792
2.08703
2.65503
2.57976
2.7326
2.83357
1.85279
2.70974
3.10865
3.5843
2.3343
2.1724
2.5815
2.34754
2.23087
2.28599
2.4465
3.05825
2.40962
2.02636
2.25894
1.90974
2.51279
1.91376
2.77954
2.79263
3.34303
2.05542
2.19318
2.25064
2.54672
2.07985
2.68941
3.43412
3.46345
2.17427
3.26622
2.75016
2.40226
2.46041
1.78646
2.74413
2.46707
2.08818
2.88517
2.54265
2.88538
2.16905
2.20046
2.8003
2.00734
2.31096
3.41867
2.68027
3.06512
2.27434
3.17926
1.71417
4.15643
1.94728
2.35345
2.95884
2.37366
3.49241
3.02991
2.44212
2.50197
2.72967
2.79716
2.1568
2.66026
2.20644
2.18998
2.25625
2.58507
2.59969
2.40674
2.76654
2.05082
2.25858
1.84328
2.66212
2.7734
2.64513
3.52928
3.03789
2.35803
3.57489
1.92362
2.85784
2.42056
2.21177
2.80893
3.31753
2.43618
2.4785
2.88284
2.25738
2.33648
2.7547
3.4338
1.71668
2.23244
4.20123
2.60959
2.57541
2.43468
2.60254
1.64657
2.335
2.54241
3.26404
3.30633
4.06583
1.93446
4.07509
2.60352
2.79215
2.37641
2.00494
2.90479
2.01984
2.68323
2.22811
2.84888
2.65015
2.24698
3.62929
1.9082
2.51261
2.44479
2.25157
2.50912
2.41235
2.68811
3.30187
2.61953
2.81474
2.31612
2.23536
3.28622
2.24047
2.78963
2.00275
2.00943
2.49039
2.81242
2.83042
2.80894
2.03536
2.59726
2.61509
1.92939
2.22098
2.45191
2.60026
3.34757
2.60763
2.39328
2.16397
2.99427
2.34572
1.95112
2.05788
2.67898
2.11146
2.50011
2.34541
2.76901
2.61455
2.44773
3.27966
2.36868
2.26623
2.0126
3.53096
2.44992
2.08721
3.39604
3.66127
1.84329
2.34688
2.43937
2.82887
3.09193
4.04409
2.9452
2.87421
2.4343
2.51687
2.15229
2.58691
2.55045
2.58609
1.86009
3.00264
2.53569
3.61396
2.12119
2.8613
3.04372
3.43512
3.33496
2.41831
2.95895
2.73156
3.71927
1.72923
2.96721
2.82933
2.21604
3.0523
2.51968
3.13063
3.37585
2.49118
2.71277
2.00588
2.61426
2.25173
1.80014
2.79492
2.08859
3.70649
2.52507
2.85427
2.28182
2.45429
2.73027
2.03593
3.97333
2.54307
1.99337
2.15118
2.94652
3.53878
2.16255
2.13194
1.86449
2.28061
2.97636
2.97338
2.54531
2.33434
2.61991
2.5782
2.25876
2.91738
2.38217
2.54479
3.25138
2.46187
3.08812
2.47876
2.16467
2.47951
2.32623
2.83798
2.64016
2.49638
3.31216
2.72366
2.56267
2.91651
2.15437
2.5807
2.62655
2.7302
3.2131
1.87204
2.04091
3.43485
1.76049
2.48015
4.08752
2.90174
2.89915
2.24941
2.57598
1.87368
2.57948
2.1079
2.82664
3.23695
2.5607
2.89647
2.35438
1.95724
2.61074
2.68797
2.953
2.84036
2.42125
2.34303
3.00379
2.98948
1.69597
2.99279
2.52293
3.23751
2.6652
3.61038
2.06215
2.5302
2.37381
2.1525
2.12835
2.71495
2.64777
1.77485
1.81529
2.17694
2.15732
2.16015
2.01774
2.6289
2.11176
2.83863
2.76042
2.73673
2.68927
2.2119
2.86064
2.19843
2.16752
2.63595
3.48882
2.78118
2.71698
2.33769
2.82023
2.24748
2.0852
2.98844
2.36852
2.585
2.34453
2.34972
2.11817
2.98261
2.26251
3.18962
1.90461
2.957
2.05208
3.29811
2.25101
2.96782
2.0668
2.44036
2.14909
1.86971
2.85445
2.50408
1.90461
4.11203
2.39847
2.25878
2.0193
3.10853
2.77767
3.34613
2.20603
2.16226
2.47397
2.58692
2.5053
2.2436
2.13479
2.39948
2.36442
2.97038
3.12552
2.3119
2.72234
2.00508
2.88676
2.1028
2.56256
2.39251
2.21937
2.62729
2.85325
2.13178
2.63974
1.4611
2.15564
2.47929
2.79228
3.08852
2.43681
1.98315
2.57706
2.35154
1.87184
3.57145
2.63967
2.36594
2.85401
2.88531
2.69549
2.74034
2.47619
2.76005
3.33557
2.16655
2.31721
2.72519
3.34898
2.59675
2.6682
2.39177
2.56238
2.24876
1.84765
2.17256
1.83281
2.7999
2.67541
2.30724
3.28479
2.3545
2.65862
1.93323
2.17521
2.51981
2.0943
3.91448
2.22109
4.04784
1.71492
2.77163
1.76133
2.12366
2.75311
2.53238
2.36104
3.2318
2.08755
2.60247
3.39033
1.68753
2.08014
2.74158
2.58034
4.0074
2.35564
2.29879
3.75546
2.82172
2.62015
2.66754
2.19882
2.73839
2.57838
1.88815
2.67875
3.32034
2.72118
1.64271
2.68979
2.70119
3.03267
2.69262
2.37788
2.41014
2.88301
3.58984
3.77425
2.93545
2.64118
2.31595
2.65044
2.66303
2.89765
2.67741
2.59633
2.07372
2.26224
2.18765
2.9005
2.89352
2.45286
2.29166
3.11478
2.6749
1.93577
2.42723
2.24247
2.24818
2.78589
2.72305
3.19853
2.66365
2.21312
2.71414
2.75159
2.81096
2.26177
2.38821
2.99956
1.53983
2.53074
3.30196
1.95377
2.35972
3.08346
2.57139
2.29836
3.2599
3.12935
2.42291
2.36006
2.79085
2.02049
3.2423
2.25324
3.02896
2.38784
2.47783
2.45731
2.91503
2.91571
2.0739
2.44182
2.28987
2.46243
3.15018
1.99972
2.77619
2.06639
3.39645
2.24561
2.71714
3.50911
3.0629
1.73404
2.15701
2.50974
1.79525
2.4588
2.55641
3.0658
2.92976
2.36454
2.01253
2.56589
2.1168
2.69543
2.58793
2.7427
2.516
2.21019
2.47543
2.65905
1.69197
2.60269
2.19871
2.81915
2.18176
1.89882
2.23585
3.26417
2.255
2.66729
2.92677
2.79863
1.86046
3.08019
2.45544
3.02679
1.79387
3.51321
2.58937
2.21369
2.48759
1.99624
2.92627
3.21799
2.58002
3.0651
2.27302
2.27036
2.22219
2.20657
2.28243
2.48622
2.65856
2.54134
2.59558
3.10909
2.6903
2.13231
2.04656
2.50357
3.35155
2.52754
1.71758
2.26438
2.68521
2.552
2.4525
2.01851
3.5942
2.18942
2.64924
2.51922
4.05053
2.61984
2.40056
2.03569
2.62771
3.22003
2.68607
2.74003
1.83135
2.13967
2.14089
2.44556
2.22515
3.19163
3.8785
2.30595
2.06149
2.034
3.07442
1.58378
3.14779
2.60592
3.231
2.61993
2.51973
2.55037
2.86891
2.31064
2.55908
2.44321
1.97452
2.09375
2.68585
2.06621
3.44569
3.69214
2.16164
2.76589
2.94849
2.85925
2.309
2.70272
2.72679
3.71924
2.66228
2.12954
3.38834
2.74414
2.28429
2.75081
2.26432
2.54497
3.04635
2.06457
3.02194
3.13686
2.52197
2.60753
2.87239
2.87515
2.35506
3.10298
2.42538
2.05644
2.39574
3.12693
2.4577
2.34534
2.65659
2.98512
2.03522
2.12046
2.82641
2.80134
1.78757
3.5873
2.69673
4.16838
2.42141
2.12579
2.71972
1.81151
1.92374
3.33857
2.29071
2.16738
1.58958
2.40394
2.44014
2.91618
2.11601
1.99422
4.22369
3.16155
2.37751
2.57274
2.36426
2.77284
2.01961
1.87844
2.40477
3.26806
2.74875
2.66869
2.66317
2.02652
1.83534
2.75322
2.45703
3.24042
2.1843
2.09333
2.65853
2.24596
2.31015
2.34727
1.83165
2.36479
4.05786
2.39917
1.90077
2.05902
2.72797
2.97615
2.56382
2.3924
3.32334
2.4527
2.50062
2.80989
2.37069
2.1254
2.88383
2.25872
2.47672
2.24577
2.73607
2.85385
3.91635
3.7369
2.42784
2.3205
2.36321
2.27003
2.59753
2.06519
1.81196
2.22504
2.89319
2.06725
3.36399
3.11309
2.10776
3.27262
1.94479
2.17129
2.32989
2.53782
2.72254
2.6735
2.92376
2.21092
2.2377
2.7588
2.41461
2.69968
2.26791
2.15377
2.12751
1.90379
2.03911
2.10472
2.78303
1.55161
2.67276
2.4458
1.99308
3.50972
2.67834
2.81281
2.14393
2.80065
2.08293
1.9496
2.3802
2.20051
2.2766
1.99455
2.86899
2.14623
1.79248
2.44059
2.25062
2.91672
1.95878
2.11339
2.24894
2.81803
2.46536
1.87391
2.48643
2.54686
2.20176
2.71185
3.4793
1.94283
2.09202
2.3057
3.23269
2.3244
2.68537
2.04696
1.98522
4.49186
2.81392
3.79398
3.35346
1.89596
3.00713
2.44936
1.54565
2.83399
2.37165
2.51575
2.62704
2.32886
2.30855
2.18932
2.62778
3.10803
2.83062
1.91663
2.06571
2.7642
3.09171
3.45331
1.68363
3.36353
2.80033
1.99051
2.37341
2.85824
1.95998
2.14924
1.90819
2.3986
2.33348
2.04632
2.96649
2.4811
2.50444
2.34544
2.51755
2.73825
2.14459
2.97761
2.98115
3.17235
2.78387
2.83159
1.77243
1.9014
3.46869
2.87755
2.70889
2.71806
2.39176
2.89746
3.1476
2.40102
2.53232
2.61155
2.4516
2.50022
2.73379
2.63697
2.32463
3.0597
2.38742
2.13917
2.16279
2.57661
2.41555
2.30726
2.41434
2.1482
2.04478
2.10308
2.56995
1.62568
1.99892
2.16541
3.17209
3.07654
3.81284
2.74809
2.14236
2.04438
2.66369
2.00666
2.06183
1.99436
2.64857
2.69458
2.51951
2.24974
2.61931
2.49884
1.9215
2.14121
3.3125
2.73953
1.92598
2.41966
2.80526
2.82666
3.18346
2.39836
3.25827
2.57271
4.06442
2.88375
2.04872
2.12716
3.61012
2.50606
3.30313
2.77013
1.77935
2.80776
2.02223
2.53465
2.85307
2.48463
2.81255
2.70476
2.13804
2.97401
3.7274
2.09845
2.23452
2.71138
2.4244
1.75002
2.66541
2.84738
2.31861
2.48432
2.94505
2.08204
2.54594
2.13477
3.38384
2.5574
2.10727
3.95018
2.33028
2.29046
2.48075
2.33094
2.40509
2.61119
2.36235
2.0376
2.50478
2.3431
2.58699
2.27786
2.9985
3.32113
2.28999
2.31912
1.94543
2.13585
2.7164
2.83661
3.96396
2.69207
1.6913
2.94572
2.01489
3.69866
2.64271
3.03591
3.26454
2.62788
2.87616
2.49614
2.10489
2.95288
2.64863
2.74143
2.82299
2.96032
3.483
2.71023
3.7885
3.0912
2.58083
2.60719
2.80028
3.0311
2.66237
2.38779
1.96
2.20008
2.99057
3.16503
2.72712
2.72928
1.62801
2.20996
4.16458
2.67748
2.42641
1.70994
2.51401
2.50081
2.02754
3.04008
2.87436
3.67472
2.55935
2.56328
2.5391
2.37805
3.30592
3.37843
2.23498
2.73594
4.16962
3.05538
2.15608
2.39749
2.3397
2.22875
2.28578
2.82483
1.99922
3.61857
2.83803
2.30566
3.06085
2.21095
3.06687
2.96397
2.52024
3.25766
3.33747
3.0686
3.55716
2.33831
2.85707
2.23935
1.93015
2.55725
2.53502
2.55213
2.52728
1.93125
2.64982
2.60238
2.62022
2.56033
2.63165
3.18233
1.74245
1.7405
3.65802
2.54244
2.81249
2.04557
2.31201
2.04717
2.50006
2.65545
3.07486
2.90403
1.93872
1.57207
1.83655
2.32264
2.41448
2.80242
2.27572
2.32465
2.55955
2.72905
2.43947
2.52538
2.49679
2.54047
2.77287
2.80986
2.79432
2.62597
2.92905
2.72135
3.48665
3.12598
2.93821
2.086
2.53492
2.83845
2.53479
2.42703
2.75054
2.22493
3.79141
2.30845
2.29262
3.08117
2.1624
2.07611
2.44168
2.62665
2.92545
2.36473
2.02351
2.18424
2.30821
2.53922
2.54059
2.56228
2.54647
3.03595
2.89071
2.29167
4.04279
2.40672
2.39465
2.71113
2.35765
2.1711
2.0232
2.33742
2.28912
3.02687
2.51717
2.14055
1.61145
2.74294
2.56225
2.72064
1.8806
2.86257
2.0613
2.56025
2.90124
2.44438
2.75375
2.40944
2.15291
3.08179
2.73229
3.56634
2.6311
2.59155
1.7566
3.0147
2.38659
2.29525
3.05509
2.82577
3.13673
2.40611
3.24617
1.70165
2.1475
2.80644
2.22367
1.96856
2.37839
1.57538
2.61678
2.87901
2.85627
4.17628
1.86147
2.0461
2.13084
3.6019
2.62611
2.11076
2.66231
1.89873
2.68222
2.31612
3.11218
2.10572
2.2216
2.33566
2.87965
2.90516
2.74873
2.45382
2.00646
2.19436
2.90292
2.28856
2.29611
2.67065
1.81165
2.68274
2.85209
2.50143
2.15329
2.31308
3.51716
2.25605
3.07737
2.13989
3.25049
2.62889
2.38938
2.78203
2.63426
2.67957
2.30219
3.67737
2.18159
2.23685
2.4387
2.69257
2.95164
2.54421
4.07332
3.01551
2.354
2.37594
2.25639
2.22286
1.95093
2.36186
1.40316
2.28204
2.12908
2.34272
2.49382
2.39154
2.17986
2.07946
3.70529
2.65393
2.1685
2.34334
2.27888
2.58792
3.38317
1.89636
2.43766
2.78079
2.75197
2.38222
2.66743
3.16564
2.84557
3.65682
2.07559
1.69462
2.42462
1.74968
3.18061
2.94929
2.42958
2.32001
2.90004
3.08058
2.55403
2.25193
2.94057
3.03988
1.69237
2.70361
2.66952
2.7298
2.96983
2.66608
2.56878
2.67862
2.50457
2.40388
2.23366
2.98925
2.57687
3.11374
3.00254
2.21579
2.08734
2.16499
3.4372
3.35308
2.6438
2.88656
2.61583
4.11238
2.75667
2.8482
3.61935
2.23752
2.13179
2.49155
3.608
2.06612
1.93383
2.30318
2.28481
2.24489
2.82903
1.99525
3.18875
2.26968
2.72761
2.72278
2.92208
2.76584
2.93448
1.99285
3.03475
2.56525
2.44548
2.40012
3.46605
3.31227
2.49345
2.74486
2.95465
1.84318
3.04349
3.62352
2.7822
2.66022
3.00082
3.46956
2.53278
1.84798
2.40447
2.5114
1.75454
2.69384
1.4546
2.95673
3.26694
3.03131
2.60601
2.80329
3.55044
2.77274
2.72486
2.54969
2.71306
2.99397
2.84764
2.85713
2.03315
3.71484
1.72232
2.76755
2.55315
2.89459
2.49221
2.61976
3.1396
2.49516
2.4405
2.61323
2.73519
2.76767
2.54922
2.18124
2.47485
2.01918
2.169
2.60717
2.80642
2.78321
2.49719
1.97815
1.50536
2.57224
2.53509
2.73088
3.10943
1.99574
2.64753
3.17995
2.37825
2.29539
2.62944
1.97965
2.45595
2.81196
2.57278
2.33551
2.78432
2.96623
2.83637
2.39941
2.78229
3.03259
2.52641
2.92632
2.78684
2.18406
2.08372
2.48293
3.31706
2.44691
2.81823
2.94357
2.07943
2.15284
2.60466
3.36376
2.35794
2.3745
2.2504
2.12223
2.78368
4.08362
2.53546
2.30498
2.31803
1.68253
2.08873
3.21815
2.25365
2.50862
2.78848
2.84731
2.30143
2.72462
2.24762
2.34298
2.84418
2.68717
2.00783
2.79771
2.6173
2.43201
2.91011
3.34544
3.18633
3.5625
2.47504
2.936
3.56235
3.5693
2.34137
2.17825
2.18867
2.33037
2.61128
3.08848
3.03303
2.75306
2.13056
2.29286
3.85185
1.92712
1.79738
3.06445
2.25416
2.59561
1.76057
2.52724
2.05324
2.71663
2.74514
2.43558
2.37046
2.90087
1.85348
2.1642
3.15222
2.73091
2.07205
2.57681
2.17821
2.26362
2.16351
2.51581
2.28235
2.801
2.15739
2.5969
2.16461
2.46849
2.30518
2.91981
3.94014
2.22758
3.44349
2.66016
2.14687
2.06984
2.15247
3.42147
2.8854
2.14697
4.0591
1.6988
2.13601
2.02663
2.94104
2.19311
1.66784
2.61821
3.36579
2.68933
2.38171
2.51547
2.84039
2.3735
2.11252
3.0074
1.89794
2.34225
2.16138
3.09855
3.84653
2.74114
3.60258
1.95406
2.31551
2.52227
2.23618
2.00345
2.8642
2.56643
2.17124
3.50419
2.21538
2.46125
2.9503
2.90155
2.59439
3.17958
2.93792
1.9866
2.83429
2.70305
4.02404
1.93714
2.02205
2.35607
4.09751
2.50039
1.81453
2.72965
2.95743
1.88448
3.09472
4.01344
2.2044
2.65798
2.31223
2.46903
2.58498
2.86057
2.10484
3.04072
2.612
2.93001
2.15487
2.26174
2.63945
2.63494
3.90965
2.82129
1.90839
2.06291
1.48547
3.86229
2.69082
2.27836
2.62057
2.88638
1.9493
2.89668
4.06651
2.50505
2.25992
1.8515
2.76337
2.42573
2.17049
2.40932
2.6178
2.21815
2.8715
2.53685
3.56696
2.44268
2.90267
2.66164
2.44121
2.08738
1.71323
2.32769
2.06181
2.20802
2.87347
2.49655
2.49926
2.79739
2.74652
2.38641
2.647
2.74589
2.74615
2.27352
2.50795
2.16823
2.03467
3.13814
2.1572
2.74364
2.31265
2.52141
2.4567
2.07452
2.34001
2.10695
1.84661
1.94499
2.83134
2.99537
1.95546
2.07668
2.65699
2.75824
1.97588
2.02604
2.42433
2.59358
1.94391
2.8626
2.50375
2.43162
2.63883
3.06063
1.77509
2.84881
3.06186
2.19672
2.70203
3.56772
2.53043
2.73802
2.86539
2.84648
2.07856
2.36859
2.1821
2.77955
1.66752
2.14071
2.52331
2.37255
2.81577
3.20832
2.6612
1.92419
2.09029
3.11789
1.98347
2.418
3.13145
2.17547
2.81888
2.81327
3.25853
2.45275
1.73387
2.32622
2.88021
3.38349
2.27987
4.3024
3.21442
2.78468
2.79257
2.11714
2.16107
3.45471
2.6927
3.01724
2.01108
2.70869
3.10433
2.02999
3.27556
2.25013
2.36685
2.61528
2.63481
1.68554
3.29707
2.21944
2.63972
1.75462
2.29137
2.3189
2.20585
2.38722
2.15034
1.91183
2.77489
2.80779
2.34867
2.22307
2.05502
2.116
2.05284
3.66031
2.22104
2.20508
2.79934
3.37618
2.30125
2.0367
2.5942
2.47136
2.62971
1.96788
2.28803
2.20872
1.96797
2.84781
3.36428
2.63304
2.62927
2.81137
2.7267
1.8669
4.1759
2.68791
2.85223
2.45828
3.23897
2.57051
2.9165
2.88074
2.08169
2.72769
2.66286
2.09973
2.64472
2.48974
2.80406
2.01181
2.75281
2.65369
2.47102
2.37809
2.52233
2.30314
2.47072
2.91805
2.50092
2.28731
1.99505
3.27497
3.3141
2.70577
2.662
2.63503
2.51741
2.66191
4.04911
2.82419
3.46969
2.85243
4.07958
3.34973
2.30479
2.34246
2.09412
3.43166
2.75624
3.08857
2.76268
1.98067
2.24605
2.30446
1.88906
2.23815
2.90969
2.10143
3.01261
2.04757
2.55554
2.29427
2.99011
2.97374
2.17525
2.25067
2.14721
2.17201
1.80217
3.06382
2.15123
2.1573
1.74606
2.92564
3.16758
2.93177
2.80323
2.41554
2.53198
2.11886
3.21745
2.36514
2.19743
2.22685
1.9652
2.66219
2.35998
2.85535
2.01581
2.29829
2.22642
2.20337
2.78981
3.11307
2.29015
2.03232
2.83464
2.53384
3.92218
3.30831
2.3834
3.37054
2.17556
3.03744
2.00512
2.48154
1.94648
2.82298
3.67698
2.14872
2.78044
3.30994
1.50494
2.78402
2.78233
2.22575
2.66002
3.0377
2.19532
2.408
2.99044
2.78841
2.54809
2.10923
3.41339
2.10236
3.00876
2.65732
2.48092
2.20745
2.15612
3.62732
2.2418
2.37092
1.96702
2.59533
2.74234
2.57571
2.69171
2.54171
2.80896
2.35438
1.77445
2.73924
3.24832
2.38028
3.3229
3.0158
1.95855
1.8253
3.09254
2.56484
1.95898
3.19746
2.10374
2.80841
2.48378
2.47264
2.53479
2.08296
2.78565
2.72167
2.76526
2.40715
2.10059
2.24469
2.1952
2.773
3.20727
2.04132
2.30937
2.8528
3.12889
2.5282
1.93624
2.57315
2.59697
2.34525
2.25503
2.01526
2.67336
2.13428
1.81222
2.34618
2.13391
2.14494
2.86263
2.41939
2.66605
3.01781
3.79006
3.19697
2.50405
2.1551
2.11654
2.29535
2.2323
2.77764
2.89823
2.83161
2.10159
2.61963
1.73684
2.68681
2.48062
2.38103
1.86884
2.75806
2.66123
2.9106
2.90545
2.43861
2.15249
2.11223
2.86101
3.63055
2.45786
4.11231
2.72378
2.6618
1.8212
2.32304
2.28006
3.01098
2.10915
2.68265
2.64508
2.3172
3.14587
2.43871
2.05833
2.12889
3.25126
2.17098
2.41877
2.36598
2.3824
2.60039
3.17789
2.66804
4.01179
2.64354
2.00811
2.60707
3.20396
4.30515
2.4718
2.28076
2.35066
2.77718
3.13409
2.81301
2.51454
2.54884
2.72043
2.23063
2.58646
2.67478
2.06161
2.53462
2.66454
2.16267
2.87435
2.35835
2.11048
3.54724
2.91524
2.41183
2.23594
2.97435
2.818
2.84094
2.23269
2.44837
1.73142
3.58553
2.41754
2.46957
2.81544
2.56144
2.14125
2.25571
2.35725
3.00213
2.58267
4.03134
2.07697
2.28739
3.12283
2.71234
1.98056
3.12309
1.63415
2.2151
2.20701
2.60785
2.64765
1.7313
2.14651
2.01993
2.31162
2.46889
2.86635
2.35663
2.7535
2.15681
2.37587
2.4469
2.15464
2.7446
2.95293
2.75268
3.33437
2.58553
2.3872
1.9185
2.85815
3.08636
2.64018
2.44181
2.77061
2.52179
3.1499
2.41499
3.42642
2.63351
2.24773
3.51426
2.88787
1.74457
3.18479
2.32333
2.67759
2.12684
2.69355
2.51234
2.63768
2.73525
2.78558
2.71854
2.96942
2.36895
2.5006
2.80873
2.86019
2.08055
2.53122
2.46027
2.58878
2.76859
1.77832
2.97483
3.03713
2.71981
1.9579
2.53804
2.25274
2.69133
2.01736
2.81793
2.93657
2.50975
2.02472
3.18391
1.91132
2.51896
2.44999
2.88661
2.83426
2.31722
2.00107
2.87153
2.11005
4.12644
2.92329
2.34744
2.25659
2.06377
2.70536
2.11534
2.48686
2.17776
2.35182
3.01675
3.01822
2.52185
2.79317
2.70945
2.83654
3.34934
2.12611
3.01054
2.12072
2.17939
2.98752
3.28335
2.67911
2.98826
1.79979
3.78461
2.2355
1.86014
2.78872
2.73892
2.05266
3.44092
2.89462
2.81254
2.69706
2.41574
1.91597
2.12671
2.51482
3.04221
2.99523
2.71245
2.73999
1.70419
3.51169
2.49884
2.81649
3.35399
1.91025
2.68064
2.28936
2.08795
1.97763
4.07809
2.41294
2.75677
2.00588
3.17648
2.04969
2.46209
2.79853
2.18113
2.88783
3.96876
2.05974
2.12954
2.19273
2.85092
2.54291
2.00879
2.64733
2.43401
2.81901
2.46894
2.23055
2.47821
2.26488
2.14403
1.90554
1.92004
2.00352
3.46454
3.60251
2.09396
2.15654
3.08482
3.5493
3.92063
2.53374
2.52994
2.88374
2.27352
3.33692
3.26402
2.37334
2.12523
2.31409
2.36264
2.53145
2.56047
2.85432
2.42886
1.89212
2.20826
3.52407
2.51118
2.66302
2.78891
2.61017
2.49806
2.2297
3.02402
3.72667
2.0441
2.14271
2.66293
2.63675
2.69146
2.95967
2.6491
4.00904
3.47124
2.6368
2.7039
2.09575
2.86637
2.88188
2.64298
2.91309
3.17101
2.10034
2.18696
2.46397
2.40126
2.23955
2.39925
2.50572
2.5226
2.34864
2.61822
2.54548
2.89791
3.55243
2.19812
2.11803
1.93441
2.94294
2.48953
2.59783
2.87343
2.62009
2.37808
3.21689
2.79139
3.1227
3.26049
2.52719
2.88217
2.35461
2.1363
2.02439
3.04128
2.30806
2.33296
2.45978
2.29184
1.65306
2.73743
2.57676
2.89002
2.09796
2.6701
2.72013
2.05649
2.38068
2.68183
2.42709
2.34561
2.84055
2.2191
2.33901
2.16631
2.17346
2.75385
3.16633
3.32663
2.04131
2.11432
2.0933
2.61769
2.13324
2.23789
2.51698
2.10211
2.06051
1.89681
2.60208
2.02181
2.76029
2.84092
2.4831
2.59148
2.58337
1.91301
2.35962
2.76439
2.59754
2.30722
2.26274
2.45041
2.33418
2.84919
2.37163
2.33324
2.10468
2.05898
2.77027
2.93781
2.38055
3.17969
2.89467
2.74454
2.23551
2.48953
2.824
2.5274
2.79988
2.63037
2.90587
2.80582
4.1162
2.82173
2.90234
2.75702
2.69071
2.5687
2.28891
2.2373
2.32069
2.8301
3.47252
4.49296
2.66074
1.82705
1.94465
2.52762
2.19987
1.73419
3.59785
1.60587
2.06334
2.32418
2.60138
2.67603
3.02134
1.95279
3.89278
2.61993
2.88895
1.66757
2.65555
2.9259
3.1107
2.11092
3.53405
2.64228
2.43775
3.22118
2.25751
2.4662
3.40869
2.18871
2.58835
2.17995
2.14813
2.46679
3.47957
2.57141
2.40642
2.25905
2.75575
2.57957
2.37923
2.40595
2.81307
2.9051
2.60559
3.35635
2.72694
1.73648
3.70002
2.49687
2.66977
2.49483
2.87108
1.89106
1.75232
2.98414
3.94788
3.50647
2.1436
2.41238
3.55767
3.01477
1.62037
1.9258
2.64626
3.10025
2.55103
2.9007
2.76753
3.3237
2.74749
2.82025
2.90604
2.58284
2.45496
2.10042
2.15893
1.85154
2.97549
2.49865
2.86281
2.87398
3.62059
2.45183
2.99953
2.19942
2.62603
3.15264
2.60817
1.99674
4.0374
2.44907
2.17633
2.16946
1.88634
2.51497
3.20644
2.58023
1.46544
2.73375
2.01333
2.48051
2.16766
2.62888
2.05754
3.17251
3.12582
2.81981
2.1784
2.8932
3.886
2.51615
1.96705
3.01929
2.82715
2.5448
2.24014
1.95793
3.4736
2.94963
3.65933
2.56218
3.31367
1.84304
3.53451
2.57179
2.72342
3.28856
1.97638
3.98765
2.62343
2.07868
2.72445
3.08318
3.43549
1.89384
2.36343
2.87275
2.58133
2.6794
2.83406
2.75216
2.33744
2.93779
2.5055
2.24354
2.60583
2.04825
1.47959
2.54983
2.17769
2.37185
2.25899
2.46983
3.07569
3.43272
2.45337
2.33934
3.31045
2.58435
1.87898
4.00969
2.52338
3.17507
1.96904
2.11036
2.00618
1.63461
2.6356
2.46913
2.2914
2.66113
2.0014
2.11075
2.25681
3.95193
2.45124
2.08309
2.62324
2.46125
2.90522
2.18876
2.69927
1.92158
2.73286
2.02429
1.96662
2.65222
2.521
2.60723
3.69792
3.32355
2.59986
2.42364
2.47054
1.78428
2.2937
2.78087
1.83638
2.36853
2.26342
2.86886
2.15902
1.99731
2.721
2.49503
2.92831
2.45201
2.25396
2.83606
2.91988
2.10284
3.0147
2.53795
2.95075
4.09437
1.97817
2.54758
2.03704
2.89669
2.89667
3.10739
2.45856
1.99267
3.56499
2.75934
2.70942
2.70763
4.13897
1.68591
2.15205
2.59557
2.08893
2.58875
2.81505
2.32473
2.20742
2.27961
2.36381
2.70958
2.16492
2.1706
3.1683
2.63391
4.2048
2.05393
2.10437
1.94164
2.82837
2.38484
2.39017
2.55143
2.98236
2.1623
2.53412
3.59307
2.66906
2.84684
2.39039
2.94159
2.51413
2.00585
2.2829
2.6785
2.88337
3.3849
1.97251
3.27251
2.46994
1.97616
1.95408
2.53388
2.8967
2.9236
2.70225
2.45825
2.43597
2.90363
3.31296
2.32701
2.1657
2.29705
2.77542
2.15599
2.64323
2.61425
2.75409
2.8072
1.83546
2.12881
2.37867
3.55957
3.67805
2.38226
2.27298
2.5916
2.89517
2.3173
2.0725
2.27569
2.50397
3.89542
2.48898
2.15881
2.98483
3.46594
2.316
2.41874
2.77029
2.75561
2.67899
1.90167
2.51218
3.35296
3.69143
3.23807
2.25398
2.93216
3.72318
2.48046
2.8148
2.88274
2.18091
1.9929
1.88264
2.34629
2.31989
2.50913
2.75388
2.30764
2.6016
2.62998
3.24311
3.88147
2.06737
3.36481
2.48709
3.43818
3.40483
2.77193
2.72573
2.13237
2.11253
2.41223
2.27304
2.52775
2.45246
2.01048
2.53909
2.9294
2.70224
2.14076
2.04361
1.91998
2.27185
2.41489
1.99134
2.53507
3.03069
2.60857
3.14697
2.04253
2.64847
2.48111
2.49389
2.08012
2.18992
2.79749
2.6507
3.33964
2.36841
3.26349
1.97024
3.1335
1.79878
1.8727
2.49287
2.30911
2.08007
1.84714
1.87484
4.07209
2.05842
2.46191
2.75337
3.36147
2.78141
2.62833
2.30448
2.26775
3.02313
3.6074
2.75126
2.2384
1.84103
1.95953
3.40104
2.20156
2.42239
2.5967
2.63074
2.38361
3.60192
2.06091
2.64381
3.497
3.1655
1.85456
3.92004
1.70456
3.241
2.39879
2.15072
2.86425
2.61944
2.37787
3.01446
2.44596
2.78732
2.75333
2.83326
2.56994
1.69165
2.0613
2.56349
2.19691
2.84404
2.05981
2.23839
2.30119
2.24259
3.14269
2.14118
2.73975
2.65771
3.50859
2.5398
2.02158
2.73717
2.03065
2.61992
3.92488
2.90854
2.50037
2.92903
2.35276
2.975
2.66002
2.39231
2.75133
2.47945
2.6798
2.26378
2.33627
2.6151
1.64586
2.99057
2.2247
2.36075
2.46961
2.84719
1.9684
2.06275
2.55465
2.13608
2.89622
3.14534
3.45248
2.69534
2.52882
2.78255
1.95287
2.47833
2.77774
2.43175
2.91859
2.29872
1.93682
2.60196
3.72453
2.51323
2.67621
2.70994
2.63214
3.38517
2.93994
2.07352
1.95895
2.09203
3.7693
2.75547
2.05544
2.75341
2.90363
1.90226
2.83044
2.98366
2.79954
2.41639
2.17284
1.87713
2.82898
3.25308
2.06338
2.79332
2.45314
2.02903
3.58817
2.68262
2.4251
2.15573
2.27161
2.60624
3.03754
2.25879
2.78155
2.92007
2.97007
2.48996
1.99949
1.85894
2.74428
2.9538
2.13228
1.93709
2.91331
2.23164
2.57494
4.09896
2.40184
3.16707
2.38184
2.37013
2.59884
3.49699
2.15283
1.82608
2.06218
2.38185
2.35325
2.33603
2.28655
2.07589
2.64333
3.7758
1.66504
2.17615
2.21692
2.46159
2.58792
3.23496
2.72658
2.71976
2.04157
3.52679
2.99632
3.21001
2.08239
2.3971
1.78287
2.53113
2.92203
2.22974
2.75647
3.21805
2.60009
1.52925
2.79972
2.1136
2.81523
2.51834
1.74728
2.78065
2.30122
2.64683
2.89368
2.14776
2.49328
2.19521
3.04688
1.86326
2.62053
2.63182
2.33909
2.11901
2.36417
1.93257
1.96648
2.90385
2.20666
3.33415
2.03391
2.88345
2.9138
2.37983
2.73838
2.61802
2.58038
3.49889
2.6485
2.43339
2.32971
2.95183
2.66678
2.56577
2.54921
2.62675
2.21398
2.09325
2.92141
2.04412
2.06864
2.78917
3.28417
2.69311
2.86288
2.11344
2.66829
2.94232
2.47814
2.11867
2.79883
2.28989
1.72152
3.52381
1.99511
2.04186
3.45116
2.8922
2.48043
2.48832
1.99844
2.25383
3.40172
2.32927
1.87853
2.46635
2.77094
2.12708
2.06737
3.09049
2.44853
2.05527
2.73399
1.98331
2.64378
1.76903
2.46158
2.81629
1.62213
2.13247
2.63217
1.86411
2.10217
1.56324
2.46369
4.01653
2.62197
2.75273
2.06556
2.67388
2.17144
2.35828
2.69992
2.16531
2.79129
2.23253
2.98125
2.5933
3.02902
2.93484
2.96788
2.58702
2.93431
2.83877
3.08153
2.82883
3.04768
2.89586
2.07894
2.54421
1.85811
2.82383
3.15142
2.00122
2.10233
1.91711
2.6279
2.13877
4.06371
2.07221
2.17293
2.42731
2.07781
2.79484
1.98828
2.25804
2.00214
1.91868
2.32148
2.64545
2.83606
2.40827
1.57435
2.4353
2.42392
2.27908
2.7957
3.54298
2.61395
2.30022
1.83522
2.66158
1.73073
2.62717
2.37386
2.15898
2.45569
2.88711
2.81971
2.42836
3.09774
3.79372
3.57202
3.48198
2.38764
2.71295
2.31476
3.55554
2.77094
2.22159
2.80387
2.04039
2.12793
2.72524
3.10856
2.13522
2.1872
2.13527
1.89428
1.89961
2.05509
2.40389
3.09804
2.44789
3.32977
2.49358
2.17771
1.8293
2.34602
2.73395
1.98521
2.28679
1.90921
3.02827
1.99996
2.32031
2.53237
2.28697
2.63092
2.50798
3.31013
2.05597
2.8035
4.0435
2.8835
3.00884
2.66445
2.08243
2.91727
2.26974
2.58638
3.43717
2.33607
2.19634
2.30287
2.1882
3.38738
2.07177
1.46021
2.0324
4.03741
2.75058
2.65998
2.86268
1.96272
2.69347
2.31258
2.29917
2.65825
2.0886
2.90852
2.26439
2.34846
1.87328
2.66607
1.80095
3.03851
2.46125
2.03573
2.04901
2.26661
1.87828
2.43276
2.86194
2.02762
2.1546
2.44222
1.96609
2.60026
2.86996
3.42728
2.53157
2.0681
1.92103
2.06444
2.7162
2.53333
2.08434
2.98375
2.00261
1.91866
3.1751
2.59557
3.57094
2.73025
3.06594
3.00189
2.7705
1.81859
2.9564
2.83106
1.71425
2.27642
2.33888
2.09319
2.15072
2.45234
3.16333
1.60911
2.81168
2.23489
1.84332
2.77197
2.45655
2.44272
2.1994
2.03391
1.76697
2.68993
2.02728
2.59997
4.08949
2.18998
2.29396
2.83654
2.12352
2.50803
2.32018
1.84557
2.38972
2.18555
1.96321
2.67266
3.36787
2.44943
2.08545
3.18126
1.89931
2.29061
2.52328
2.76716
2.03181
2.5954
2.44142
2.1016
2.14816
2.29528
1.44289
2.01187
2.46857
3.02419
2.83661
2.39236
3.23844
2.35509
1.70871
2.03815
2.24163
3.16247
2.25906
2.81095
2.01947
2.27144
2.27396
1.97879
2.97521
1.64074
2.12405
2.81728
2.39711
3.01944
2.17965
2.73801
2.49607
2.00206
2.39784
3.31079
2.65655
2.84873
2.76675
2.58544
2.541
2.79215
3.50264
2.97513
3.05081
2.35639
1.82686
3.24917
2.04169
1.99494
2.73716
2.10827
2.68086
2.50437
2.57183
2.00074
2.02438
2.60752
2.3472
2.38813
2.52176
2.45336
3.03704
2.10335
2.14088
2.90731
3.37604
2.9108
2.73685
2.67043
3.4124
2.64378
2.28837
2.36318
2.68662
2.69271
2.17722
2.2407
2.46901
2.28613
3.25657
2.49379
1.68507
2.38848
2.99833
2.01909
2.11477
3.28015
1.94283
2.26462
2.68829
2.42572
2.81226
1.68037
2.27187
3.10283
3.25221
2.21409
3.35294
2.04053
2.49984
2.39701
4.29574
2.14994
2.51578
2.68026
2.88701
2.55773
2.74072
4.1239
3.96739
3.20006
2.83815
2.58105
2.41397
2.73765
2.52748
2.05038
3.01441
2.28304
2.77725
2.80646
2.14706
2.39971
2.49189
3.21194
2.71779
2.59747
1.92563
2.02598
3.51688
2.50137
2.78407
3.36912
2.12292
2.18182
2.6303
2.28126
2.67832
2.20694
2.11719
2.41797
2.1828
3.29704
2.92019
2.59026
2.17104
2.55493
2.0243
2.25526
2.19783
2.7012
2.25317
2.79369
2.39814
1.99977
2.52697
2.6798
2.41282
2.03532
2.15775
2.51835
2.52507
2.13057
3.63267
1.707
2.32802
2.99305
2.73988
2.79438
1.82653
2.15918
2.40626
2.86311
2.20851
3.18763
2.23377
2.86039
2.41684
2.62377
1.57575
1.66338
2.33048
3.06542
2.82825
2.78746
2.43553
1.52655
2.80147
2.32454
3.40381
2.49343
2.52975
2.7408
2.2281
2.14553
3.1213
2.34344
2.08556
2.2022
2.15023
2.81823
2.09742
3.00652
2.48867
2.82361
2.36576
3.46414
2.86446
2.05533
2.11762
2.6399
1.96377
2.2001
3.66287
2.8334
2.34932
2.08933
1.86838
2.30315
2.1677
2.89029
3.40034
1.74098
2.55068
2.48805
2.33556
3.20177
2.84832
2.64495
2.1766
2.95201
2.37785
2.26279
2.70309
2.70495
2.40701
2.42938
1.60354
2.19017
2.09706
2.58363
3.00066
2.78981
2.88289
2.81745
3.12064
2.78172
2.57437
2.59642
2.85225
2.3405
2.17715
3.91285
2.63721
2.16948
1.65051
2.04558
1.67946
2.71524
2.71782
2.46611
1.62373
1.66866
3.60255
2.8093
4.21395
2.51481
2.74487
2.28769
2.04587
2.97551
1.83595
2.75062
2.26455
2.53175
2.31343
2.62155
2.69594
2.07408
2.67184
3.21285
2.69748
3.41866
3.02391
4.06483
2.63232
3.02892
2.29221
3.70636
2.2952
2.38535
2.76755
3.11045
2.61892
2.47077
3.51034
2.65645
2.71521
3.1816
2.39153
2.58963
1.8743
1.95974
2.63442
1.82194
3.54933
2.20384
3.10923
2.8875
3.24394
2.72025
4.14086
3.51128
3.16207
2.96367
2.48723
2.87724
2.57519
2.1234
2.62187
2.34124
3.16243
2.92713
2.55843
2.04349
2.31239
2.51005
2.35834
2.86574
2.2213
2.89021
4.09048
2.53403
2.74882
2.43303
3.17288
2.88186
2.13432
2.06788
2.39439
2.21227
2.50783
2.41885
2.39376
1.63159
2.92128
2.25291
4.17028
4.12008
3.03648
2.34457
2.67745
1.99246
2.13709
3.93185
1.70451
3.20597
2.70726
2.71483
2.76262
2.39535
2.79991
2.86235
2.56054
4.03049
2.531
2.31424
2.85141
2.48359
2.21427
2.62008
2.60157
2.04927
2.26877
2.46247
2.86688
2.4769
2.94486
3.36467
1.98859
2.95284
2.34867
2.34775
2.41104
3.47565
2.64661
2.75941
2.45265
2.0809
2.4751
2.35927
2.6153
2.65833
2.53843
2.15903
2.2667
2.48457
2.15118
3.36777
2.45765
2.8177
2.17852
2.1674
2.82377
2.23808
2.57504
2.72227
2.60511
2.49096
3.68962
2.35862
3.03059
2.96976
2.94332
2.40446
2.75997
2.99649
2.69078
2.87158
2.29928
2.60619
2.89844
2.26316
2.55128
2.87589
2.93692
2.9765
2.95141
2.56686
2.46701
3.53223
2.78773
2.68883
2.10811
2.59648
2.4461
2.53712
3.88699
2.53985
2.26448
2.19001
2.13997
1.83964
2.60718
2.87459
2.95894
2.7355
2.35119
2.52076
4.10328
2.5484
2.78533
2.18421
2.59117
2.4675
3.94286
1.97315
2.5077
2.33649
1.93302
2.275
3.0021
2.09761
3.03716
2.64476
2.32521
2.11826
2.33834
2.04347
2.93777
2.01487
3.27773
2.65096
3.56642
2.12949
2.63143
2.45846
2.83929
3.87554
2.72344
2.86604
2.45264
2.69356
2.47032
2.03465
2.11746
2.93362
2.99161
2.06778
2.5799
2.87407
2.76302
2.11451
2.09149
2.38454
2.41656
2.51435
3.12532
2.58295
2.53991
2.38901
2.26044
2.89182
2.41908
2.4544
1.65206
3.21695
1.94229
2.35889
2.51036
2.15922
2.3823
1.84371
2.69047
1.93544
2.00751
2.34022
2.61781
2.18919
2.46504
2.76242
2.17462
2.40839
4.01592
3.57033
2.14636
2.23432
2.77408
2.14278
2.64422
2.73407
2.55534
2.90359
2.51999
2.38634
3.2447
2.59061
2.14623
2.75739
1.78984
2.92798
3.25254
2.65279
2.25977
2.76302
2.52913
2.73984
2.66966
2.53854
1.75174
3.92569
2.74127
2.61174
2.27098
2.36256
3.49207
2.339
2.47334
1.92714
2.66017
2.16863
2.33875
2.13196
2.38824
2.51602
2.45322
2.63427
2.95008
2.74301
2.12446
2.36354
2.31088
2.02403
3.07772
2.09391
1.8952
2.42501
2.06817
1.9843
2.3845
2.08562
2.97703
2.1882
2.83623
2.98727
1.82758
2.92411
2.60957
2.83277
2.12244
2.93779
2.64869
2.64172
2.83386
2.07851
2.12293
2.93786
3.46698
2.76926
2.2368
2.92092
2.27021
2.89242
3.64642
2.59434
2.12076
2.05641
2.11381
2.89835
2.22068
2.69857
2.40246
2.85553
4.1199
2.43715
3.07728
2.27908
2.45511
2.80198
2.69987
2.54294
2.71602
2.29853
2.55148
2.5099
3.04923
2.19476
2.69729
2.58279
3.05195
3.12861
2.72289
1.94521
2.99541
2.50412
1.9915
3.15686
2.08431
2.34383
2.79864
2.88397
2.38842
2.09997
2.57109
2.93776
3.26817
2.60032
2.65219
3.32443
2.36266
2.48076
2.59972
2.04113
1.75214
2.49112
2.93918
2.99961
2.63133
3.63862
2.98231
3.29783
2.44359
2.25199
3.81208
2.19161
2.87851
3.78875
1.95622
2.76179
2.41532
2.59726
2.66483
2.38917
2.01691
2.33842
3.90265
3.27019
2.55856
2.17474
2.02575
3.59074
2.0875
2.84583
2.75717
3.81749
2.53986
2.40737
2.22764
2.04971
2.19039
1.84712
2.63994
2.0379
3.1066
2.83245
2.15141
2.49629
2.21341
3.41286
2.89311
2.12455
2.644
2.45855
2.49154
3.15728
2.39915
2.48222
2.92485
3.47229
2.44789
2.88668
2.77819
2.75071
2.90695
4.1821
2.59801
2.32689
3.15169
2.87469
2.15124
2.2655
3.3077
2.94971
2.9465
2.41781
3.59465
2.29914
2.83279
2.44893
2.17138
2.84976
2.35466
2.62688
2.11823
2.10719
3.44957
1.83118
2.22855
2.46258
2.00488
3.00476
3.89381
1.83184
3.07016
2.58966
2.61367
2.08728
2.31439
3.81518
2.59092
2.42844
2.40751
3.16194
2.17744
3.7447
2.17729
2.65419
2.02098
2.27391
2.55612
2.68525
2.18491
2.4625
2.77081
2.0863
2.90682
2.69874
2.15368
2.70415
3.57293
2.65684
3.03206
2.62266
3.31221
2.22479
2.58015
2.53144
2.83492
2.49712
3.38536
2.1936
2.12576
2.29719
2.76416
1.95598
2.08399
3.0438
2.40188
2.95467
2.73316
3.24715
1.70182
2.10626
2.91595
2.34998
2.07747
2.29978
2.31905
2.53504
2.96066
3.18435
3.00421
1.92348
2.14756
2.53103
1.85376
2.4527
2.79862
2.39192
2.60218
2.57873
3.98437
3.01556
3.46459
3.13539
2.09843
2.29742
2.89487
1.98889
2.4173
2.25122
3.18835
2.62382
2.74896
2.32921
2.37339
3.84242
2.90886
1.87694
2.33789
2.44665
2.75892
3.19777
2.48922
2.33999
2.8061
2.51446
2.22641
2.14214
3.2539
2.3925
2.72733
2.16882
2.53247
2.6782
2.94628
2.29746
2.21387
2.37668
2.59017
1.86718
2.25182
2.30821
2.31895
2.79676
3.16089
1.87939
2.33372
3.19125
2.86337
2.23211
3.68826
1.97107
2.20912
2.3573
3.05217
2.72799
2.82739
1.69765
2.14402
2.97923
1.83238
1.85176
3.26985
2.11219
3.14266
2.50587
3.42345
2.88813
2.72158
2.80272
1.91898
3.2919
2.1687
2.35596
2.86157
2.00844
2.86242
2.65712
2.62738
2.63161
2.19838
2.69963
2.15036
2.25207
2.05816
2.23294
2.44061
2.76279
2.9501
3.44131
3.11744
1.83234
1.65947
2.08767
2.36608
2.13817
2.02819
2.94033
2.49105
2.77132
1.84648
2.5444
3.38591
3.35923
2.2304
1.83609
2.29602
2.4657
2.34738
2.20025
2.15905
2.11985
2.11134
2.32255
2.55026
2.52925
2.1191
2.3706
3.1077
2.16434
2.52044
2.49343
2.1734
2.08161
4.1461
2.34563
2.37242
2.91585
1.92985
2.66474
2.12744
3.60424
1.731
3.49005
2.37681
2.98647
2.13149
2.68539
2.49896
2.65449
1.99093
2.06084
1.8675
2.92228
2.22935
2.70535
2.41671
2.14553
2.24205
2.55494
2.93707
2.16794
2.3553
2.98471
2.26698
3.41123
2.40287
2.94839
1.93951
2.77074
2.26238
2.96436
2.12556
2.37472
2.21641
2.53009
2.53962
2.70132
2.95353
3.8981
1.79743
2.02182
2.47035
2.63014
2.08739
2.01887
1.67055
2.17845
2.31474
3.55736
2.36693
2.90396
2.73657
2.44217
2.25625
2.63563
2.99211
2.29156
2.49352
2.31085
1.99775
1.87223
2.66113
1.79488
2.68242
2.2451
2.20749
2.37631
2.55754
3.0629
2.01853
2.28866
2.41208
3.39912
2.38727
2.72862
2.1472
3.37842
2.88054
2.22424
2.85845
3.05623
2.80277
3.15329
2.80935
2.56427
2.53935
2.22563
3.05754
2.77809
1.94039
2.52229
2.66704
2.1683
2.40904
2.28019
2.80356
2.69496
2.35419
2.99572
2.44867
2.60993
2.01365
2.17997
2.82341
2.20331
2.37194
3.26581
2.66037
2.15841
2.595
1.47218
1.94361
3.38052
2.32207
2.56233
2.54049
2.23693
2.96366
2.61847
3.03179
2.59659
2.27085
2.09356
2.43496
2.36032
2.07591
2.17383
2.59142
2.81516
2.83674
3.72926
2.89859
2.34808
2.44069
2.57506
1.95876
2.07338
3.68626
2.34001
2.10366
2.99175
1.69803
2.66105
2.5831
2.79626
3.16647
2.13778
2.86636
2.20226
2.35125
2.45226
2.75434
1.98275
2.40901
3.0875
2.69572
2.20645
2.87296
2.51223
2.56993
2.03436
1.71734
2.23567
3.34564
2.54223
2.17176
2.40587
2.35999
2.77274
3.09125
2.46908
3.18391
3.40683
3.74019
2.60142
1.91304
2.74945
3.02854
3.14413
1.68769
3.09321
2.98357
2.23528
2.77525
2.3465
2.41665
2.12874
1.9337
2.23491
2.70859
2.17216
2.33782
2.78499
2.95922
3.01747
1.76348
2.58701
3.54138
2.45517
1.61757
2.29923
2.82494
2.95508
2.56289
2.29144
2.95103
3.62518
1.82744
2.15677
3.07161
2.93094
2.63131
2.38107
3.05674
2.44958
2.63213
2.59299
2.23958
2.9178
2.76045
2.7181
2.41566
2.98497
2.25069
2.81207
3.40167
2.23216
2.81078
3.02933
2.80735
4.14137
2.21461
3.77667
2.29865
2.85405
2.26937
2.05282
2.87115
3.61167
3.16258
3.97153
3.01983
4.08859
3.2651
1.94667
3.12622
1.64145
2.09708
2.54871
1.57777
2.35662
2.57254
2.68838
2.54534
3.63611
2.85334
2.49152
3.42138
2.01746
3.54726
2.76471
2.30464
2.10585
3.29283
2.43045
2.55317
2.99192
2.67156
2.32434
2.75815
2.89653
2.73622
2.35271
2.91731
2.6413
2.1285
2.65331
2.44709
2.54648
2.42197
1.67799
2.43523
2.58939
2.57181
2.53366
2.6233
2.53308
2.15646
1.89541
2.88818
3.10781
2.38209
2.32552
2.82709
2.2454
2.66734
1.86628
2.19679
2.01651
2.46271
2.98707
1.5194
2.12168
2.99778
2.09929
2.21375
2.42179
2.25767
2.51235
2.16731
2.6694
2.60005
2.32569
2.60343
2.08234
1.98959
2.08814
3.25033
4.00399
2.66588
1.85167
3.12233
2.14388
3.80762
2.1891
2.82152
2.17222
2.53771
2.38597
2.44888
2.50919
3.202
2.96404
3.07522
2.39332
2.57268
2.78788
2.12364
1.86746
3.37627
2.88929
2.24122
2.49881
3.42023
2.91657
3.25102
2.07251
3.67584
4.04533
2.80721
2.40391
1.89534
2.22785
2.34857
2.45499
2.16645
3.06701
2.58377
3.15477
4.02378
2.82203
2.69686
2.58009
2.26703
2.34418
2.6114
2.31532
3.11993
2.84059
2.26646
3.6221
2.57394
2.26743
2.94718
2.53698
2.804
2.33437
2.70998
2.08744
2.87815
2.09158
2.63315
2.33234
2.02243
2.39333
1.99171
1.9922
2.54344
2.48975
2.46388
1.93931
2.53001
2.25884
2.40626
2.69807
2.90795
3.20525
2.1262
2.01698
2.77704
2.38156
1.94024
2.45058
2.66325
2.55726
2.10883
1.94492
2.94122
2.83616
2.83564
3.22756
2.97111
2.16155
2.99343
3.64294
2.13062
2.27773
2.16742
2.7959
2.33642
2.76842
2.53629
2.9131
2.3536
2.68237
2.64791
2.38183
2.48872
2.32333
2.83605
2.63208
2.99966
1.81171
2.67209
2.10767
2.13338
2.52878
2.40506
2.07907
2.6763
3.30702
2.05661
2.42674
2.72755
1.73678
2.59714
4.1789
2.49733
2.14572
2.09904
2.33031
3.30153
2.30023
3.09012
2.18664
2.79037
3.53687
2.64303
2.19658
2.73624
2.8811
2.99058
3.00964
3.97259
2.02435
2.83351
3.14771
1.89042
2.52126
2.51225
3.7913
2.58733
2.27626
1.6286
2.78164
2.17149
2.79268
2.10026
2.01953
2.18681
2.32273
2.94999
2.93273
2.58986
1.88666
2.13429
2.11413
2.69551
2.77183
2.3585
2.93246
2.19574
2.07894
2.05624
2.58766
2.39154
2.66828
2.64559
2.1118
2.92214
2.13269
2.58048
2.05691
3.12125
1.94188
2.70267
1.83139
2.79136
3.10244
2.51494
1.54668
2.48259
3.12927
3.62655
2.72239
2.37768
2.01992
2.72579
2.94642
2.15684
2.45017
2.37415
3.31278
2.0544
2.58366
2.6601
2.5731
2.19119
2.94497
3.03744
3.27051
2.44217
2.57666
2.51037
2.61913
2.59435
2.23138
2.67198
2.33934
1.56059
2.28199
3.33769
1.94433
2.14522
2.85178
2.44234
2.00869
2.38842
2.85575
3.2343
2.0467
1.9069
2.21832
2.50123
2.48575
2.03346
2.81108
2.55518
2.36784
4.10274
3.04056
2.54773
2.93805
2.68243
2.38946
1.98748
2.88391
2.21313
2.4329
2.36586
2.67338
2.62016
2.75705
2.57037
4.1381
2.61561
2.13605
2.70711
2.51707
2.16564
2.64174
2.42357
2.2195
1.73447
2.80732
2.03761
2.55168
2.97811
2.11124
2.86945
2.85084
2.85871
2.71043
2.37541
2.20057
1.99284
2.97633
4.11156
2.57646
2.43219
3.80252
2.4955
2.03981
3.91834
2.20882
2.0681
2.30257
2.93112
2.71778
2.03533
2.95059
3.41458
2.80275
2.13308
2.68205
2.0388
2.40683
3.03286
2.45923
2.68224
2.82955
2.01065
2.74861
2.13473
2.12595
2.16854
2.37863
2.51096
2.63583
2.51567
2.1181
3.02409
2.80076
2.79113
2.96576
2.81352
2.66776
2.38485
3.24941
2.61017
2.67417
2.27719
2.53524
2.99985
2.33808
2.85335
1.79685
2.92247
2.8193
2.57743
2.55911
2.2294
2.03
2.94602
2.90658
2.74885
2.46396
2.71429
2.19117
2.44954
2.42482
2.81571
2.71358
1.9144
2.53732
3.16306
2.48424
2.03146
2.21394
3.09455
2.64372
2.85319
2.332
2.35787
2.65224
3.18871
2.75245
2.14206
1.96252
2.35397
2.49317
4.16167
2.16243
2.73748
2.2382
2.64614
3.94192
3.32553
2.28944
2.8581
2.35812
2.01919
2.36946
3.43687
3.06867
3.10167
2.54784
2.8697
2.29005
2.37437
2.78671
3.10682
3.6763
2.80542
2.20798
2.43812
1.50908
2.11784
2.97454
2.48048
3.16896
2.11453
2.74241
2.18455
2.84124
2.77506
2.45372
2.71153
3.08227
2.93227
2.47592
2.49938
2.14265
2.3365
2.23986
3.35366
1.81238
2.41373
2.73139
2.49532
2.67834
2.51477
2.6712
2.92076
2.17411
1.81917
2.06335
2.24493
2.69986
3.59918
2.17537
2.86134
2.36951
2.42442
2.49888
2.29786
2.57992
3.32972
2.97499
2.04805
2.23739
2.20828
3.54254
1.80678
2.34211
2.47826
3.1599
3.43181
2.9865
2.78132
2.51318
2.8951
2.28611
2.35092
2.80157
2.01908
2.45519
2.25866
3.12221
2.06796
2.76285
3.78686
3.00342
2.28026
2.59335
2.51804
1.90379
2.438
2.82197
2.23584
2.12917
2.83463
2.42638
2.22482
2.89669
2.08075
2.63526
2.20464
2.53137
2.88631
2.52695
2.37897
2.93682
2.19213
2.28346
2.35609
2.33915
3.13605
2.80678
2.50854
4.11304
2.06904
2.57373
3.36051
2.00188
1.96188
2.16829
2.59562
2.65646
2.36954
2.78207
3.25518
1.91302
3.16591
2.41195
2.00984
2.47878
2.92783
2.14836
2.1622
2.87419
2.5934
2.75274
2.27872
2.20493
2.05317
3.00778
2.88951
3.9081
2.7816
2.4864
2.73075
1.65269
2.38549
2.65776
2.93962
2.12203
2.52444
3.06068
2.18534
1.72933
2.94574
1.9728
2.23484
2.78542
2.49391
2.79361
2.54706
2.73303
3.32428
2.5193
2.9909
3.58926
1.89856
2.76428
2.52423
2.66933
2.19383
2.91915
2.60037
3.4742
2.29571
1.61445
3.29389
3.08009
2.15099
3.14525
2.41773
1.80859
3.3035
2.81289
2.52897
2.31986
2.21484
2.31836
2.34959
2.84789
2.2929
2.9792
2.38413
2.89025
2.57304
1.68832
2.65494
2.27188
2.7543
4.15012
2.425
2.90484
1.96807
2.49075
2.36346
2.31064
2.36975
2.38532
1.83481
2.64048
2.40178
2.4383
2.78142
2.73312
2.3662
2.55427
2.33657
2.45156
3.05834
2.3024
2.30448
2.94272
2.40793
2.36726
2.84771
1.85381
2.4574
2.36475
2.13949
2.51447
2.96151
2.60586
2.64196
2.21137
2.13195
3.06193
2.24837
2.31696
1.8021
1.64433
2.26702
1.91611
2.28359
3.27157
2.54289
2.74038
2.48108
2.47865
3.13465
2.20996
3.15174
2.23935
2.44103
4.06683
2.94757
2.73838
1.84514
2.7471
2.5149
2.76786
2.49944
1.92535
2.2029
3.39732
3.11219
3.12288
3.09263
2.39201
2.8105
2.1134
2.30456
2.26763
2.85174
2.61141
2.41181
2.09218
3.2511
2.50743
2.04612
2.37627
2.78949
2.51838
3.2649
2.97924
2.04036
2.80549
3.40553
2.60116
2.79055
3.42332
3.20823
2.22151
2.7498
2.56937
2.42045
3.04436
1.90489
2.06533
2.16877
3.69632
3.02117
3.59248
2.19084
3.37568
3.34954
4.04727
2.4625
3.37885
2.5437
2.70691
3.92219
2.05139
2.78996
2.27131
1.93207
2.25694
2.17675
2.25915
2.97789
3.19511
2.35158
2.31377
2.83385
2.77715
2.88057
2.28348
3.31976
2.74656
2.04599
4.00825
3.24283
2.13113
2.82175
2.32585
2.40267
2.52741
2.21875
2.57595
2.02928
2.2059
2.0247
2.85753
2.85799
2.68278
2.06382
3.42516
2.77292
1.99197
2.9773
2.9327
1.84938
1.74845
1.97348
2.71712
2.00185
2.19515
1.66554
2.86605
1.86854
2.51089
3.17982
2.45615
1.69889
2.94602
2.21042
2.96275
2.6392
2.51766
2.63224
2.54691
2.50644
2.68992
2.13085
2.28579
2.6402
2.46066
2.49833
2.68344
2.46517
2.46429
1.90199
2.65062
2.8491
2.13177
2.9446
1.87164
3.00346
2.29888
1.96194
2.66431
2.86214
2.5439
2.0213
2.32424
2.3342
2.11234
2.02075
2.71798
2.37999
2.06812
2.37292
2.77172
1.8047
2.66683
2.68347
2.0377
2.59325
2.78192
2.56652
2.06363
2.28802
3.03024
2.4966
2.83378
2.20031
1.66537
3.10562
2.94265
3.5491
2.55796
2.44992
2.30538
2.78195
2.52192
2.23216
2.15436
2.24818
1.74469
2.2979
2.35227
2.87831
2.01521
2.80549
2.26957
2.1221
2.51749
3.30589
1.75724
2.95264
2.1948
2.96757
2.65126
2.33965
2.22088
3.22301
2.14294
2.00397
2.07193
2.06358
4.16318
3.13233
3.41475
2.19305
2.56789
2.11208
1.8398
2.92103
2.78062
2.21858
2.53457
2.65555
2.82953
3.40171
3.27773
2.53076
2.56259
2.98313
2.99416
2.56924
3.64643
2.84965
2.43935
2.33299
2.03441
3.42523
2.36419
2.07414
2.17319
2.13023
2.85752
2.18611
2.31785
2.42901
2.56933
2.5032
2.83855
2.17483
2.67705
2.7634
2.03583
2.12635
3.24366
2.52943
2.36836
2.00557
2.55489
2.94162
2.25243
2.87816
2.48716
2.21377
1.97665
2.59345
2.55244
2.85185
2.2108
2.54476
2.8815
2.91409
2.17204
1.90523
1.94582
2.1634
1.86825
2.93687
3.62824
2.53052
2.03327
3.09005
3.04285
2.63955
2.57187
2.47477
3.41376
2.12514
3.30195
3.42883
2.9749
2.10459
2.29538
2.42152
2.72572
2.17389
3.57204
2.19743
2.07284
2.2688
2.5299
2.70482
2.36061
2.42343
2.32424
2.56407
3.09907
1.7747
2.26929
2.75166
2.20173
3.42148
2.73288
2.6487
1.83523
2.55463
2.4309
2.24679
1.70912
3.53208
2.09143
3.26118
2.91847
2.31355
3.08139
2.59804
3.46156
2.97682
2.65589
2.66694
2.21302
2.4213
2.02467
2.20474
2.91307
2.90366
3.04196
2.30585
2.82283
2.35199
2.19485
2.83087
3.08201
2.04804
2.44541
2.45653
2.49242
2.52459
2.61614
2.27619
3.81896
2.58159
2.6379
2.16001
2.49359
2.52483
2.70476
2.84758
2.6897
3.29606
2.64314
2.00097
2.13049
2.48037
2.2925
2.70673
3.08636
3.66551
2.17875
2.88519
2.33924
1.47868
2.7463
2.32157
3.1884
2.09426
2.78113
2.30394
2.60161
3.33992
2.49041
1.99245
3.03642
2.74046
2.99241
3.03178
3.51468
2.18464
2.45823
2.30426
2.17732
1.62679
2.627
2.83028
2.39786
2.67495
2.17077
2.78233
2.77229
2.8884
2.42066
2.94689
3.11584
2.27983
2.93243
2.23062
2.14055
2.29739
2.06354
2.64979
2.22561
2.81353
2.90734
2.10613
2.51189
2.85695
1.82918
2.20081
2.06731
2.32856
4.17383
2.1004
3.82982
2.47095
2.60277
2.80477
2.82971
2.32118
1.88301
3.31761
2.52272
3.30799
2.75511
2.34971
2.44922
2.84308
2.37944
2.43729
2.36443
2.40489
2.81512
2.32479
2.59537
2.17296
2.13961
1.95644
2.37761
3.05075
2.54643
2.27968
2.44306
2.36838
2.93936
2.06423
3.59725
2.14654
2.42103
2.93448
2.51154
2.28386
2.81228
2.05331
2.77257
2.71047
2.04561
2.48306
2.65812
2.42905
2.31757
2.72832
2.46746
1.94464
2.73566
3.03961
2.04394
3.49223
2.5142
2.39124
2.48068
2.21189
2.99689
2.0521
2.38129
2.71974
3.13943
2.28515
3.05101
2.32158
1.92012
2.6991
2.51901
2.83536
1.99461
2.42701
2.81637
2.9361
2.2677
2.31707
3.04044
2.36524
2.05932
3.10677
2.78693
2.69994
2.17259
3.01459
2.28914
1.69316
2.38634
2.15448
2.69916
2.26697
2.7045
1.94771
3.96935
2.00339
1.86977
2.9046
3.30355
3.65066
2.51565
2.35849
2.35496
2.98093
3.23712
2.10004
2.78129
2.76721
2.32623
2.26148
1.98579
2.93203
2.46893
2.38869
2.0317
1.98601
2.08989
2.51857
2.75769
2.12488
2.37725
2.83464
4.11331
2.39211
2.09029
2.57612
2.38057
1.92495
1.70341
2.3027
2.69053
3.06365
1.8721
2.12635
3.49899
1.70849
2.65554
2.32916
2.71463
2.96974
3.1739
2.40627
2.37395
2.19525
2.81934
2.35193
3.19658
2.06233
2.33361
2.22099
2.17643
3.00138
2.40237
2.90125
2.13305
2.89944
2.97874
2.65349
2.89014
2.46505
2.6083
2.09202
2.80698
3.25904
3.05932
2.36584
2.15918
2.58371
2.8982
2.43157
2.33556
2.68782
2.53424
2.63535
2.7086
2.15598
3.34042
2.14284
2.2845
2.39716
2.07064
3.05764
2.61224
2.74708
3.47887
2.86516
2.19493
2.75565
2.51857
2.90442
1.59574
2.20741
2.61169
2.0543
2.06994
2.45499
2.6803
2.23997
2.38816
2.52255
3.57306
3.08745
1.60269
2.76312
2.45609
2.68006
2.02916
2.52148
1.74618
2.09002
2.23448
3.21861
1.5837
2.3206
2.06411
2.38969
1.99964
2.28043
3.98394
3.52045
1.67712
2.64472
2.3834
2.45717
2.58708
2.06115
2.17993
2.7749
2.43568
2.65728
2.29734
2.59301
2.37391
2.5054
2.81945
2.48473
2.79492
2.85681
2.51025
2.18953
1.9741
2.45411
2.61442
3.42259
1.9795
2.38656
2.78028
2.17218
2.12112
2.858
3.00056
1.85305
2.14536
2.22881
2.13505
1.92479
3.64798
1.97398
4.06549
2.73598
2.84805
2.04371
2.04697
2.55656
2.95513
2.40532
2.0658
3.01542
3.45509
2.57257
3.04721
1.95965
2.03391
2.92038
2.10679
2.80032
1.91371
3.46041
2.33502
2.97524
2.97904
3.04328
2.77466
1.77227
2.13758
2.02389
2.45144
3.52559
1.99964
2.35624
1.58076
2.86499
3.14858
2.87413
2.31214
2.14909
2.57621
2.67042
2.75089
2.83688
2.51744
2.59432
2.29674
2.8089
2.44436
2.96108
2.47295
2.75864
2.65274
2.66859
2.65663
2.59378
2.30256
3.56132
3.19716
2.73105
1.80565
3.10099
4.15884
2.24607
2.33178
2.85083
1.72611
2.65044
2.56407
2.22305
3.21033
3.03236
2.01785
2.52608
3.44329
3.92632
3.13915
2.40172
2.09739
2.27483
2.83269
1.95175
2.12792
2.30925
2.90211
2.40793
1.95054
2.71055
2.65085
2.60889
2.60257
2.92168
2.04864
2.89344
2.29463
2.5298
2.25313
2.32984
2.53421
2.10563
2.3231
2.12944
2.01657
2.45635
2.07977
2.17384
2.00307
2.01214
2.4048
2.02774
3.35809
2.94444
2.60005
2.91318
2.37977
4.1626
2.62261
2.07108
1.91281
2.94612
2.10551
2.51038
2.08325
2.71696
2.10476
2.64552
3.02829
2.88957
2.85006
2.88401
3.56638
2.5762
2.84196
2.20816
2.09559
2.39885
2.48398
3.31853
2.29643
2.45194
1.92676
2.46209
2.80388
2.89952
3.47711
1.75062
2.58838
2.39984
2.76995
2.78694
3.21491
2.56459
2.1294
1.64942
2.61525
1.81835
2.68776
2.37195
2.67383
2.74058
2.73416
2.92532
2.1542
2.33256
2.86866
3.2688
2.27002
2.20242
2.61093
2.44123
2.40351
2.93505
2.2777
2.18046
2.5925
3.45174
2.72194
3.35862
2.92507
1.96893
2.50896
2.47956
2.53223
2.4914
1.96914
2.96201
2.68683
2.5002
2.66789
2.63377
2.16633
2.57788
2.54004
2.75948
2.4328
2.55105
2.322
2.50831
2.86263
2.54962
1.97364
2.21805
2.50023
3.56507
2.15006
2.33991
2.15975
2.82698
2.78304
2.87043
2.58876
2.34637
2.29277
2.07366
2.19973
3.22148
3.00844
3.19649
2.30245
2.3887
2.61495
2.37671
2.70406
2.68486
2.57594
2.33538
2.96212
1.85448
2.33399
2.8183
2.46508
2.6752
2.08271
2.85749
1.88304
1.83247
3.06602
2.62384
2.4275
2.50189
2.65238
2.75248
2.44171
2.59782
1.96287
2.56258
2.64094
2.76045
2.67001
2.7338
2.49703
2.83148
2.28382
3.37976
3.141
2.38023
2.8079
2.47875
2.48455
2.83537
2.77085
2.79227
2.21442
2.3307
2.4828
3.84924
2.73743
2.85626
1.8989
2.01623
2.39434
2.77022
2.11072
2.2121
3.69363
2.57241
3.67363
2.66492
2.97452
2.46023
2.32294
2.76611
2.71787
2.4781
3.85746
1.63269
2.02324
3.00498
2.33929
3.0455
2.66521
1.84465
2.3555
2.50836
2.38591
2.06752
3.83056
2.58427
2.63897
2.02281
2.55739
2.27839
2.62263
3.01832
2.8797
2.98487
2.28675
2.22944
2.74919
3.01322
1.92189
2.68979
2.76385
2.73224
2.68691
2.70849
2.89005
2.26881
2.01763
2.01742
2.83624
2.28282
2.9577
2.53106
1.91131
2.37594
2.88943
2.4027
2.22683
2.2723
2.69729
2.53464
2.23258
2.23931
2.49483
2.273
2.17001
2.81309
2.89481
3.71386
2.17701
2.27691
2.17987
2.57202
2.84526
3.04884
2.25539
2.10488
3.1303
2.97618
2.26184
2.76515
2.02919
2.89853
3.16386
2.63177
2.07304
2.88687
2.85849
2.09201
2.05767
2.59357
2.92666
2.77437
2.88317
2.59917
2.46707
1.64964
2.17631
3.3389
3.27159
2.63397
1.8678
3.80471
1.7083
2.7423
1.92862
2.32224
3.04223
3.02918
2.35164
2.14255
2.63796
2.28281
1.90903
1.89649
2.83469
1.8941
2.06641
2.08758
2.40669
3.13257
2.06334
1.96854
2.50423
2.65545
3.37024
2.90683
2.12978
3.14397
2.41267
3.57529
2.81944
2.82574
3.03081
2.62342
2.44539
2.38786
2.71836
2.09332
2.0602
2.80127
2.08444
2.07168
2.06316
2.04215
2.25805
3.03415
2.66389
2.89426
1.76887
1.86278
2.10882
1.58767
2.05016
3.26753
2.17535
3.04903
2.29734
2.47098
3.141
2.54395
2.97713
1.92731
2.49283
2.20931
2.75064
2.88592
2.52915
3.0797
2.54953
2.89402
2.30097
3.24457
3.3514
2.7702
2.13425
2.78179
2.24512
2.52202
2.8115
2.16723
1.966
2.43016
1.94328
2.86973
3.29728
2.74673
2.01444
2.94999
2.31543
2.66165
2.61975
2.79488
2.63001
2.53613
2.7716
2.52571
3.56993
2.46006
2.03865
2.40155
2.08353
2.36957
1.71884
2.73351
2.44986
2.25093
2.37594
2.42867
2.3599
2.43817
2.54789
2.31593
2.54254
2.30767
2.44896
2.12214
3.23785
2.19553
2.66753
2.71074
2.11502
2.84271
2.61472
2.33578
2.0322
1.65133
2.39372
2.54941
2.88256
2.91444
2.38497
1.93369
2.54897
2.38271
2.63252
2.18201
2.33417
2.13945
1.85324
2.65254
3.16698
2.80104
3.04809
2.45514
2.17163
3.20503
2.53265
2.84466
2.13738
2.88031
1.86002
2.65131
2.43103
2.04985
2.13817
4.18587
2.17142
1.9731
2.78089
2.53209
1.92696
2.42263
2.58012
2.68931
3.11519
1.86869
2.04092
2.71054
2.16364
2.01022
1.9315
1.78016
2.71769
2.12803
2.00709
2.52367
2.67543
2.83516
2.55443
1.59127
3.16111
2.53348
1.90026
2.05028
2.22056
2.60152
2.85945
1.99807
2.80559
2.73342
2.76468
2.56846
2.35766
2.9482
1.79006
2.22052
2.54152
2.92536
1.73679
2.44657
2.03207
2.49091
3.27376
2.13449
2.44676
2.67847
2.07642
1.85507
2.67613
2.61825
1.79075
2.74494
2.08127
2.00746
2.40069
3.57062
1.97589
2.35787
2.8434
2.16
1.99241
2.8252
3.00155
1.9615
2.50737
2.85154
2.51666
2.06224
2.40215
2.80097
2.34979
2.38012
2.6826
2.97128
2.29455
3.32443
2.17843
2.47943
2.7084
2.44497
2.85857
2.74393
3.74896
2.38885
2.362
2.58132
2.60403
3.78951
2.81834
2.29968
2.38833
2.66049
2.42307
2.7333
2.39862
2.39318
2.77953
2.3659
1.54059
1.6761
2.76031
2.6137
2.56488
2.4706
2.54775
2.02368
2.8429
3.65348
3.25121
2.11182
2.04574
2.12732
2.672
3.53458
2.40763
3.60288
3.3884
2.81922
2.71215
2.20299
2.10352
3.18082
2.14472
2.92012
2.03133
2.62273
3.17968
2.16271
2.22363
2.70393
2.59454
3.26416
2.70405
2.64095
2.66233
2.04448
2.73758
1.83413
3.11604
2.081
2.88361
2.70698
2.00168
3.11501
3.34145
2.49595
1.99646
2.9105
2.57264
2.29875
2.40574
2.00869
2.85371
2.55352
3.03943
2.25479
1.92227
2.19734
1.74454
2.27751
2.69847
2.07712
1.69646
2.54606
1.91399
2.741
2.25877
2.6101
3.12349
1.94565
3.58874
1.91059
2.88086
2.0866
2.29373
2.73014
1.98091
3.56856
2.00028
2.94494
2.53311
2.46899
3.13044
1.8126
1.94824
2.691
1.76321
3.33538
2.66703
1.90346
2.77554
2.47271
2.91385
2.93461
2.70371
1.88905
2.22604
3.11347
2.03182
1.6209
3.10083
2.22774
1.70413
2.28591
2.9735
2.25929
1.96778
2.5051
2.1611
2.26181
2.9057
4.05268
3.36785
2.48772
2.26511
2.70365
2.41016
2.97144
2.7121
2.54138
2.18994
1.59633
1.73173
2.43425
3.59591
2.59578
2.81363
2.63193
2.374
3.20777
2.66869
2.48346
2.56732
3.47332
2.87857
3.29371
2.51706
2.34378
2.88534
1.84946
2.32874
2.98045
3.27974
1.80393
2.36632
2.0046
3.03082
2.4428
2.63683
3.33208
2.36168
3.0678
2.26966
2.29469
2.77782
1.77674
2.50688
1.99868
2.47106
2.76889
3.1854
2.94904
2.6279
2.14196
3.29505
3.04939
2.61631
3.62351
2.05253
2.39182
2.93768
1.97146
2.72214
2.12966
2.01222
2.87386
3.63189
2.66668
4.05617
2.90171
2.48787
2.9001
2.09234
2.69433
1.79293
2.32936
3.41513
2.59475
3.44326
2.21878
2.57452
2.78462
2.60442
2.80213
1.91791
2.03011
2.01156
2.10336
2.11136
2.61402
2.4493
1.94362
2.41961
2.38297
2.83133
2.62442
1.95734
3.36733
2.14496
2.38904
3.33513
2.66656
2.45588
2.0704
2.19926
3.24926
2.51596
2.9261
2.54526
3.12647
2.8242
2.30097
4.05677
2.42254
2.8205
1.9111
3.11712
2.25908
3.0828
2.11722
3.62155
2.30377
2.9541
2.16461
3.62924
1.98696
2.18789
2.10745
2.53119
2.68329
2.35318
2.06676
3.47444
3.01814
2.21935
2.7309
2.74275
2.13784
2.77441
2.82463
2.69486
2.60239
2.81476
2.45387
2.39387
1.93143
2.18604
3.43462
2.08614
2.02245
3.32498
1.8518
2.66288
3.04416
1.72347
2.77514
1.79888
2.75781
2.00428
2.42272
2.77331
3.13917
2.00986
1.58536
2.16046
4.05057
2.81593
1.98869
2.21123
1.4768
2.02689
1.75053
2.74861
2.77987
3.1475
3.19057
2.36446
2.02647
2.50318
2.62414
2.3875
2.20769
2.91443
2.61311
2.33403
2.93354
2.71323
2.44814
2.51823
2.94894
2.46876
2.2824
2.08154
1.86281
2.75753
2.26579
2.49095
2.59322
3.78419
2.83108
2.15261
2.41181
2.10258
2.41343
2.52659
2.8002
2.14029
2.13398
2.48022
2.12085
2.4236
2.24053
3.62319
3.06752
3.05153
2.49253
2.69204
2.03125
2.75747
3.23012
2.95459
2.06777
2.47905
2.01203
3.18988
2.01033
2.11237
1.80627
2.54024
2.04265
2.75905
2.51121
2.90374
1.71828
2.66908
2.18837
2.68303
2.95923
3.21271
1.7769
3.37965
2.9694
3.94485
2.14414
2.07508
2.63046
2.76521
2.22919
2.24237
3.48058
2.04769
2.43531
1.68969
2.14986
2.25461
2.03438
2.16175
1.99948
2.7523
1.81514
2.2204
1.77975
2.63128
1.75614
3.95684
2.93446
2.2961
2.91745
2.64806
1.85569
2.9737
2.1347
1.99263
2.48405
1.97965
2.52946
2.80436
2.98338
1.85546
3.6966
2.73285
2.94621
2.08147
2.77183
2.59657
2.84554
2.51471
3.35879
1.71816
2.78839
2.81739
2.6989
2.03506
2.44389
2.91349
2.28973
2.52883
2.35795
2.56684
2.75789
2.1092
3.50333
2.08315
2.14964
2.46062
2.12897
2.37055
2.55942
2.33145
2.72194
2.83314
2.62812
2.51007
2.28601
2.06875
2.88545
1.96689
2.22876
2.66485
2.30813
2.51334
3.64552
2.82497
2.0832
2.03209
2.30971
2.48072
2.95152
2.55123
3.57455
2.39558
1.94422
2.55671
2.83163
2.55871
3.07803
2.14411
1.82112
1.5444
1.80281
2.19026
2.00195
2.97708
2.45163
2.35283
2.5455
2.81216
2.20361
3.5115
2.09479
2.85889
1.94555
2.85646
1.93398
2.11089
2.75797
2.95606
3.21686
2.96316
2.68695
2.62666
2.64658
1.78067
2.60177
1.59946
2.17369
2.84293
4.16757
1.98577
2.65746
2.13801
2.11749
2.60233
1.90827
2.9852
2.63597
2.12105
2.58949
3.04151
2.08886
2.41584
2.57536
2.74919
2.62071
2.39253
2.69169
2.34964
3.90281
2.48311
2.41883
3.41707
2.66546
3.30612
4.21562
3.08268
2.07088
2.68493
2.47165
2.20685
2.34499
2.05989
2.28118
3.1263
3.0356
2.12877
2.866
2.47708
1.96644
2.48225
1.75801
2.44736
2.74132
3.09134
2.11945
2.28884
2.11467
2.37367
2.46444
2.34793
2.0205
2.5972
2.98213
2.26656
3.08026
1.94526
2.58817
2.00213
2.69096
1.66045
2.67281
1.96101
2.76692
2.82487
2.52365
1.96575
2.00288
2.18585
2.31591
2.57932
2.12665
2.40602
2.80507
2.78179
2.48674
2.75699
2.43026
2.69542
3.58658
1.92001
2.14197
2.94676
2.85517
1.51711
2.58398
2.19543
3.80695
3.06709
2.55371
2.3225
2.5441
2.15275
2.95628
2.39172
2.02484
2.50231
2.32874
2.13522
2.28268
2.47615
1.58167
2.86115
2.28272
1.93889
2.19822
2.83681
2.38905
2.59166
2.8381
3.01102
2.96302
2.37637
3.01558
1.74295
2.52263
2.54476
2.12418
2.68507
2.98863
2.1994
3.49818
2.5441
1.97306
1.98443
2.50599
2.53565
2.02522
2.27753
2.32726
3.48834
1.89256
1.53971
2.33287
2.16538
2.45984
2.80261
2.06927
3.83987
2.07535
2.77818
2.56082
2.9978
2.69632
3.13779
2.59326
2.87092
2.15124
2.35002
1.92179
2.48466
2.64272
2.26558
2.03905
2.97565
2.47036
2.98174
2.31213
2.08388
2.50911
2.26015
2.04542
3.20515
2.66557
3.43161
1.95469
3.84501
2.00149
1.72957
2.81601
2.21367
2.58303
2.81739
2.79103
2.63335
1.9445
2.23367
2.30731
3.29373
2.57597
3.15089
3.76468
2.57469
2.88546
2.33459
2.55823
2.14879
2.5433
2.88622
2.48366
2.427
1.9064
2.66446
2.57586
1.85447
2.92689
1.78203
2.08344
2.63184
1.93695
1.99731
3.47025
3.13405
1.61865
3.18414
1.66538
2.06797
2.92545
2.70202
2.49103
2.7047
2.03245
2.63918
2.23765
2.44249
1.88338
2.61458
3.20934
2.89731
4.19104
3.62213
3.31348
2.71855
2.30632
2.29419
2.43406
2.06038
2.57591
2.78364
2.10087
2.32823
2.24113
1.86886
2.21174
2.10598
3.65631
2.49619
2.12698
2.44619
2.34417
2.34428
2.45992
2.65385
3.23883
2.66175
2.82973
2.96945
2.63742
2.17373
3.37017
2.51049
2.78105
4.05503
2.83192
2.23749
2.3831
2.41996
3.39076
3.07943
3.482
2.80156
3.43554
2.82295
1.67929
2.69849
1.8928
2.30464
2.22626
1.99962
1.97681
2.33825
1.77081
1.83163
2.15687
2.07129
2.82638
3.3713
2.73158
2.59612
2.53678
2.26168
2.72113
2.70058
2.30519
2.03955
1.62206
2.78024
2.45643
2.28329
2.43312
2.9808
2.32995
2.71248
3.5371
2.48829
2.59605
1.84106
1.74958
1.98479
2.6257
2.53227
2.28943
2.90077
2.445
2.25181
2.53248
2.18148
3.01496
2.2826
2.19675
2.65132
2.44447
3.57755
2.37844
2.96922
2.52226
3.15778
2.30369
1.70683
3.71257
2.14219
1.59138
2.79986
2.16672
3.50532
2.72059
2.9345
2.78868
2.4113
2.22778
1.70086
3.3026
2.14384
2.13499
2.11241
3.55399
1.9753
2.65684
1.94559
2.99744
2.4993
1.69922
2.18454
2.93687
3.2717
3.47383
1.94714
2.62521
2.26562
3.07982
2.32038
3.59877
1.76095
2.31715
2.30033
2.59766
1.9659
2.17431
2.63423
3.02717
1.91998
2.80342
2.26763
3.15793
2.80871
1.93029
2.8779
1.86148
2.9562
1.87853
2.93227
2.13848
2.63238
2.38027
3.33862
2.02632
2.91134
2.03275
2.83484
2.41755
2.62386
2.34185
2.58488
2.56794
2.72604
2.5516
2.28173
2.97763
1.99506
3.49795
1.70169
2.21672
2.15604
2.23965
2.17228
2.28415
3.04745
1.95913
2.76123
2.62443
2.56918
2.74381
2.66245
2.64517
2.31548
3.56357
2.5248
2.44569
2.81871
2.67784
3.68339
2.19019
2.14475
2.16207
2.97318
2.18871
2.1686
2.08224
3.19124
2.32925
2.67037
3.12354
2.37708
3.30735
1.80038
3.60252
2.6561
2.42187
3.34799
2.57452
2.7329
4.18488
1.61923
2.69539
2.00341
3.07528
3.15612
2.73328
2.79857
3.04303
2.03173
2.31873
2.34272
2.61929
2.80099
2.26279
2.15676
2.21949
2.56698
2.48763
2.41346
2.27523
2.19877
2.83193
1.71398
2.97071
1.8975
2.52415
2.41216
2.51431
2.93359
2.80735
3.10992
3.01342
2.26651
2.32448
2.85645
2.71902
2.071
2.66327
3.74966
2.15189
2.22617
2.469
1.67199
2.16111
2.21155
2.12695
2.07477
2.37346
3.27529
2.52207
2.84139
2.68093
2.6267
2.51684
2.05849
2.83441
2.33298
2.77756
3.06273
2.34389
1.98369
2.4698
2.44501
3.36165
2.20318
3.04247
2.67848
2.66601
2.2617
1.78878
4.10177
1.88208
2.30006
2.11602
2.76429
2.51462
2.53973
2.62641
2.067
2.14354
2.21368
2.94267
2.60537
3.73336
1.64809
3.04758
2.35165
2.2634
3.00994
2.85188
2.99164
2.43835
2.35084
2.43155
2.51085
3.3695
2.09735
2.92825
2.58218
2.82215
2.933
2.51229
2.38948
1.7796
1.83992
2.67358
2.7668
2.83214
2.75229
2.20128
2.79763
2.95219
2.67466
3.08179
2.94207
1.58919
2.24629
3.66293
2.8057
2.16774
2.06579
2.67521
2.45929
3.19812
3.17289
2.3823
3.1354
2.73647
2.1198
3.22832
3.30112
2.29244
2.38222
3.03717
3.14474
2.10202
2.88795
2.83176
2.94444
2.1511
2.07806
2.34387
2.31421
2.20192
3.48447
2.91301
2.29531
2.69118
2.07029
1.94577
2.34913
2.72827
3.04746
1.84533
2.31761
2.65512
3.58143
2.78781
2.94879
1.72242
1.9129
2.50683
2.63198
2.1183
1.96133
1.9335
4.02621
2.15629
3.42805
2.48688
2.18234
3.19473
2.31201
2.88173
2.7628
2.97534
2.23396
3.69979
1.76983
2.44111
3.49872
2.2858
2.93528
2.6671
2.58775
1.95104
2.17469
1.84217
2.61184
2.83471
2.31917
2.3653
2.4229
2.45595
2.36164
1.99852
2.8694
3.29295
2.87102
2.50055
2.18625
2.98369
2.57997
1.85289
3.22166
2.77317
2.73141
2.71829
1.84056
1.989
2.50133
2.50435
2.0722
2.27513
2.17343
2.25476
3.17145
2.608
3.89213
2.09918
2.04364
2.6511
2.46684
2.93691
2.33354
2.98182
3.33001
1.88865
2.42928
2.48705
4.19643
1.85093
3.67523
2.38333
3.05384
2.87926
3.14618
2.38465
2.71796
2.62606
3.60521
2.80036
2.31602
2.69013
2.65312
2.93392
3.83496
3.31808
3.04173
3.68348
2.11027
2.90346
2.22901
3.80407
2.77488
2.57794
2.25692
3.55763
3.5059
2.58308
2.95223
2.74465
2.76637
3.0256
2.16514
2.13017
2.27201
2.98342
2.40873
2.99273
1.97024
2.33602
3.59675
2.76488
2.06649
2.13095
2.60255
2.58888
3.14507
2.47388
2.6148
1.73106
2.34865
2.30402
2.82797
2.57956
2.85827
2.3447
2.92065
2.2187
3.13655
2.37164
2.27842
2.96242
2.04114
2.57776
2.82671
2.66813
2.90342
1.66859
1.92563
1.80495
1.96622
3.3001
3.62193
2.3703
2.4905
2.57766
2.43248
2.6586
2.33394
2.43691
2.70387
2.54385
1.90514
3.50118
2.33001
2.48485
2.27451
3.46926
2.64428
1.86424
2.43685
2.38411
3.46903
3.19161
2.99655
2.07035
2.44154
1.99308
3.72157
2.09848
2.22129
3.06898
2.56838
2.45314
2.90179
2.75679
2.66089
2.68077
2.72155
2.45058
2.32158
3.30853
1.85607
2.53388
2.30107
2.9735
2.36288
2.80262
2.38933
2.8968
3.04185
2.92854
2.05511
2.11422
1.83316
1.9155
2.29249
2.25478
2.73844
3.07306
1.74266
2.69982
2.47187
2.60737
2.16122
1.80304
2.89552
1.84016
2.12822
3.29849
2.61699
2.17025
2.14903
2.95872
2.76165
3.05603
1.93377
3.56144
2.63087
2.12524
1.5522
2.49343
3.37252
1.76453
1.95401
2.10859
2.43718
2.25833
2.1441
2.97744
2.33988
2.25325
2.01805
2.84566
2.60453
1.83277
1.91386
2.1191
2.07617
2.54201
2.64968
2.0797
2.59392
2.5488
3.8232
2.00766
2.44801
2.55802
2.07533
2.40672
2.72629
2.59789
4.07469
2.56169
2.12938
4.14712
2.88132
2.14776
2.76442
2.76664
2.04921
2.21436
1.91971
2.23031
2.98667
2.83623
2.64033
2.5003
3.04499
2.26483
2.05901
2.78244
2.56031
2.71319
3.19945
3.60877
2.13875
2.55866
2.92331
3.89605
2.83272
2.66441
2.39311
2.06671
2.41511
2.65233
2.35902
2.69295
2.46198
2.84813
2.01336
3.00804
3.07087
1.70354
2.56363
2.00679
1.88111
2.38163
3.08005
2.09851
2.48854
1.78334
2.81383
2.45102
2.57361
2.84002
2.84533
2.57807
2.90265
2.79168
3.14636
2.7412
3.00262
2.47821
2.82604
2.81546
2.8758
2.75728
4.10446
2.43633
2.02068
2.05243
1.61805
2.10716
2.32849
2.91174
2.29303
2.42377
2.2175
2.26534
2.51644
2.16755
2.68493
2.52097
3.3174
2.31387
2.95961
2.34469
2.739
2.72105
2.65233
2.51326
3.04548
2.56643
2.18729
3.00471
2.27595
1.94181
2.5703
2.10174
2.21564
2.21922
2.40144
2.60381
2.23881
2.41742
2.39737
2.06413
2.94939
2.77269
2.61895
2.17359
1.91232
2.39429
2.90825
1.91423
1.94535
2.44587
2.82393
3.29785
2.78235
3.41395
2.49334
1.84259
1.89253
2.64215
2.3476
2.37706
2.35016
3.30039
2.51922
2.40784
2.40109
2.2626
2.99446
2.66395
2.80839
2.46593
2.2434
2.8365
2.22158
3.18649
2.76153
2.11603
3.02415
3.47983
2.39605
2.39034
3.09274
2.39997
2.1834
2.3726
2.61492
3.12098
2.4275
2.03513
2.66075
2.43185
1.5178
2.5525
2.32396
2.61859
2.17089
1.66915
2.49745
2.91321
2.29755
1.48849
2.59113
2.51461
2.68034
2.73105
2.07303
2.6607
2.68695
3.80676
3.25284
2.90551
2.83309
2.88246
3.31766
1.9384
3.04493
1.75201
2.65105
2.81364
3.07095
3.16245
2.50993
2.98669
3.20966
2.85946
1.68853
2.23862
2.84394
2.71761
1.78226
1.96364
2.46035
3.0761
2.11202
1.679
2.6231
1.8918
2.2931
2.42664
2.42369
2.05096
2.24128
3.99511
2.37323
3.04723
2.18892
3.53652
2.02747
3.04829
2.06403
2.36862
2.81117
1.99839
2.58686
2.65616
1.86896
2.4509
2.94767
2.40335
2.88695
4.04788
2.72622
2.19357
2.07607
3.3411
2.60622
2.36992
2.99535
2.92873
2.09566
3.34358
2.75389
2.88891
2.83319
2.63504
4.01119
2.63022
2.87144
2.74334
2.62343
2.18371
